{"asset":{"version":"2.0","generator":"THREE.GLTFExporter"},"scenes":[{"nodes":[106]}],"scene":0,"nodes":[{"matrix":[1,0,0,0,0,1,0,0,0,0,1,0,0,0.06,0,1],"mesh":0},{"matrix":[2.220446049250313e-16,1,0,0,-1,2.220446049250313e-16,0,0,0,0,1,0,0,0.12,0.7,1],"mesh":1},{"matrix":[2.220446049250313e-16,1,0,0,-1,2.220446049250313e-16,0,0,0,0,1,0,0,0.12,-0.7,1],"mesh":2},{"matrix":[1,0,0,0,0,2.220446049250313e-16,1,0,0,-1,2.220446049250313e-16,0,-0.45,0.12,0,1],"mesh":3},{"matrix":[1,0,0,0,0,2.220446049250313e-16,1,0,0,-1,2.220446049250313e-16,0,0.45,0.12,0,1],"mesh":4},{"matrix":[1,0,0,0,0,0.3,0,0,0,0,1,0,-0.25,0.12,-0.5,1],"mesh":5},{"matrix":[1,0,0,0,0,0.3,0,0,0,0,1,0,-0.25,0.12,-0.25,1],"mesh":6},{"matrix":[1,0,0,0,0,0.3,0,0,0,0,1,0,-0.25,0.12,0,1],"mesh":7},{"matrix":[1,0,0,0,0,0.3,0,0,0,0,1,0,-0.25,0.12,0.25,1],"mesh":8},{"matrix":[1,0,0,0,0,0.3,0,0,0,0,1,0,-0.25,0.12,0.5,1],"mesh":9},{"matrix":[1,0,0,0,0,0.3,0,0,0,0,1,0,0,0.12,-0.5,1],"mesh":10},{"matrix":[1,0,0,0,0,0.3,0,0,0,0,1,0,0,0.12,-0.25,1],"mesh":11},{"matrix":[1,0,0,0,0,0.3,0,0,0,0,1,0,0,0.12,0,1],"mesh":12},{"matrix":[1,0,0,0,0,0.3,0,0,0,0,1,0,0,0.12,0.25,1],"mesh":13},{"matrix":[1,0,0,0,0,0.3,0,0,0,0,1,0,0,0.12,0.5,1],"mesh":14},{"matrix":[1,0,0,0,0,0.3,0,0,0,0,1,0,0.25,0.12,-0.5,1],"mesh":15},{"matrix":[1,0,0,0,0,0.3,0,0,0,0,1,0,0.25,0.12,-0.25,1],"mesh":16},{"matrix":[1,0,0,0,0,0.3,0,0,0,0,1,0,0.25,0.12,0,1],"mesh":17},{"matrix":[1,0,0,0,0,0.3,0,0,0,0,1,0,0.25,0.12,0.25,1],"mesh":18},{"matrix":[1,0,0,0,0,0.3,0,0,0,0,1,0,0.25,0.12,0.5,1],"mesh":19},{"matrix":[1,0,0,0,0,1,0,0,0,0,1,0,0,0.18,-0.5,1],"mesh":20},{"matrix":[1,0,0,0,0,0.35,0,0,0,0,0.6,0,0,0.18,-0.5,1],"mesh":21},{"matrix":[1.2,0,0,0,0,0.3,0,0,0,0,0.8,0,0,0.22,-0.48,1],"mesh":22},{"matrix":[0.8,0,0,0,0,0.5,0,0,0,0,0.8,0,-0.25,0.16,-0.64,1],"mesh":23},{"matrix":[0.8,0,0,0,0,0.5,0,0,0,0,0.8,0,0.25,0.16,-0.64,1],"mesh":24},{"matrix":[0.8,0,0,0,0,0.5,0,0,0,0,0.8,0,-0.25,0.16,-0.36,1],"mesh":25},{"matrix":[0.8,0,0,0,0,0.5,0,0,0,0,0.8,0,0.25,0.16,-0.36,1],"mesh":26},{"matrix":[0.9887710779360422,0,-0.14943813247359922,0,0,1,0,0,0.14943813247359922,0,0.9887710779360422,0,0.05,0.16,0.15,1],"mesh":27},{"matrix":[1.1102230246251565e-16,1,-4.163336342344337e-17,0,-0.9800665778412417,1.1102230246251565e-16,0.19866933079506124,0,0.19866933079506122,0,0.9800665778412416,0,0.1,0.19,0.1,1],"mesh":28},{"matrix":[3.3306690738754696e-16,0.9999999999999998,5.551115123125783e-17,0,-0.9553364891256058,3.3306690738754696e-16,-0.29552020666133955,0,-0.29552020666133955,0,0.955336489125606,0,-0.05,0.2,0.3,1],"mesh":29},{"matrix":[2.220446049250313e-16,1,-1.3877787807814457e-17,0,-0.9950041652780257,2.220446049250313e-16,0.09983341664682815,0,0.09983341664682815,0,0.9950041652780257,0,0,0.18,0.45,1],"mesh":30},{"matrix":[0.9950041652780258,0.09195266597143172,0.03887696361761665,0,-0.09983341664682817,0.9164595255079894,0.38747287263277136,0,-3.469446951953614e-18,-0.3894183423086505,0.9210609940028851,0,0.35,0.1,0.55,1],"mesh":31},{"matrix":[1.2,0,0,0,0,0.6,0,0,0,0,0.5,0,0.15,0.08,0.58,1],"mesh":32},{"matrix":[1.2,0,0,0,0,0.6,0,0,0,0,0.5,0,0.25,0.08,0.58,1],"mesh":33},{"matrix":[1.2,0,0,0,0,0.6,0,0,0,0,0.5,0,0.35,0.08,0.58,1],"mesh":34},{"matrix":[1.2,0,0,0,0,0.6,0,0,0,0,0.5,0,0.45000000000000007,0.08,0.58,1],"mesh":35},{"matrix":[0.8,0,0,0,0,0.6,0,0,0,0,1,0,-0.3,0.2,-0.2,1],"mesh":36},{"matrix":[1,0,0,0,0,0.5,0,0,0,0,0.8,0,-0.35,0.18,-0.08,1],"mesh":37},{"matrix":[2.220446049250313e-16,0.9999999999999999,6.938893903907228e-18,0,-0.9979392610310608,2.220446049250313e-16,-0.06416565508728414,0,-0.06416565508728414,0,0.9979392610310608,0,-0.2,0.185,0.11697371230078324,1],"mesh":38},{"matrix":[2.220446049250313e-16,0.9999999999999999,-2.0816681711721685e-17,0,-0.9934843777411865,2.220446049250313e-16,0.11396837800112504,0,0.11396837800112505,0,0.9934843777411866,0,-0.08000000000000002,0.185,0.1357590433309228,1],"mesh":39},{"matrix":[4.440892098500626e-16,0.9999999999999997,-6.938893903907228e-18,0,-0.9992215896436781,4.440892098500626e-16,0.0394488883235041,0,0.0394488883235041,0,0.9992215896436785,0,0.03999999999999998,0.185,0.23555872350554552,1],"mesh":40},{"matrix":[1.1102230246251565e-16,1,6.938893903907228e-18,0,-0.9988802443380929,1.1102230246251565e-16,-0.047310225861563006,0,-0.047310225861563006,0,0.9988802443380927,0,0.15999999999999998,0.185,0.2684935686553299,1],"mesh":41},{"matrix":[0,1,3.469446951953614e-18,0,-0.9993171860761366,0,-0.03694809349441719,0,-0.03694809349441719,0,0.9993171860761366,0,0.27999999999999997,0.185,0.2588820522346975,1],"mesh":42},{"matrix":[0,1,-1.3877787807814457e-17,0,-0.9926130245064685,0,0.12132346673303172,0,0.12132346673303172,-1.3877787807814457e-17,0.9926130245064685,0,0.39999999999999997,0.185,0.1724414879043321,1],"mesh":43},{"matrix":[0.955336489125606,0,-0.29552020666133955,0,0,1,0,0,0.29552020666133955,0,0.955336489125606,0,-0.55,0.01,0.3,1],"mesh":44},{"matrix":[0.955336489125606,0,-0.29552020666133955,0,0,1,0,0,0.29552020666133955,0,0.955336489125606,0,-0.55,0.018,0.32,1],"mesh":45},{"matrix":[0.955336489125606,0,-0.29552020666133955,0,0,1,0,0,0.29552020666133955,0,0.955336489125606,0,-0.54,0.019,0.4,1],"mesh":46},{"matrix":[0.955336489125606,0,-0.29552020666133955,0,0,1,0,0,0.29552020666133955,0,0.955336489125606,0,-0.7044021344882349,0.022,0.04379078588491739,1],"mesh":47},{"matrix":[0.955336489125606,0,-0.29552020666133955,0,0,1,0,0,0.29552020666133955,0,0.955336489125606,0,-0.6833847317274715,0.022,0.050292230431466856,1],"mesh":48},{"matrix":[0.955336489125606,0,-0.29552020666133955,0,0,1,0,0,0.29552020666133955,0,0.955336489125606,0,-0.6623673289667081,0.022,0.05679367497801635,1],"mesh":49},{"matrix":[0.955336489125606,0,-0.29552020666133955,0,0,1,0,0,0.29552020666133955,0,0.955336489125606,0,-0.6413499262059449,0.022,0.06329511952456579,1],"mesh":50},{"matrix":[0.955336489125606,0,-0.29552020666133955,0,0,1,0,0,0.29552020666133955,0,0.955336489125606,0,-0.6203325234451815,0.022,0.06979656407111526,1],"mesh":51},{"matrix":[0.955336489125606,0,-0.29552020666133955,0,0,1,0,0,0.29552020666133955,0,0.955336489125606,0,-0.5993151206844182,0.022,0.07629800861766473,1],"mesh":52},{"matrix":[0.955336489125606,0,-0.29552020666133955,0,0,1,0,0,0.29552020666133955,0,0.955336489125606,0,-0.5782977179236548,0.022,0.08279945316421422,1],"mesh":53},{"matrix":[0.955336489125606,0,-0.29552020666133955,0,0,1,0,0,0.29552020666133955,0,0.955336489125606,0,-0.5572803151628914,0.022,0.08930089771076369,1],"mesh":54},{"matrix":[0.955336489125606,0,-0.29552020666133955,0,0,1,0,0,0.29552020666133955,0,0.955336489125606,0,-0.5362629124021282,0.022,0.09580234225731316,1],"mesh":55},{"matrix":[0.955336489125606,0,-0.29552020666133955,0,0,1,0,0,0.29552020666133955,0,0.955336489125606,0,-0.515245509641365,0.022,0.1023037868038626,1],"mesh":56},{"matrix":[0.955336489125606,0,-0.29552020666133955,0,0,1,0,0,0.29552020666133955,0,0.955336489125606,0,-0.7109035790347844,0.022,0.06480818864568075,1],"mesh":57},{"matrix":[0.955336489125606,0,-0.29552020666133955,0,0,1,0,0,0.29552020666133955,0,0.955336489125606,0,-0.689886176274021,0.022,0.07130963319223022,1],"mesh":58},{"matrix":[0.955336489125606,0,-0.29552020666133955,0,0,1,0,0,0.29552020666133955,0,0.955336489125606,0,-0.6688687735132577,0.022,0.07781107773877971,1],"mesh":59},{"matrix":[0.955336489125606,0,-0.29552020666133955,0,0,1,0,0,0.29552020666133955,0,0.955336489125606,0,-0.6478513707524944,0.022,0.08431252228532915,1],"mesh":60},{"matrix":[0.955336489125606,0,-0.29552020666133955,0,0,1,0,0,0.29552020666133955,0,0.955336489125606,0,-0.6268339679917311,0.022,0.09081396683187862,1],"mesh":61},{"matrix":[0.955336489125606,0,-0.29552020666133955,0,0,1,0,0,0.29552020666133955,0,0.955336489125606,0,-0.6058165652309677,0.022,0.09731541137842808,1],"mesh":62},{"matrix":[0.955336489125606,0,-0.29552020666133955,0,0,1,0,0,0.29552020666133955,0,0.955336489125606,0,-0.5847991624702044,0.022,0.10381685592497758,1],"mesh":63},{"matrix":[0.955336489125606,0,-0.29552020666133955,0,0,1,0,0,0.29552020666133955,0,0.955336489125606,0,-0.563781759709441,0.022,0.11031830047152705,1],"mesh":64},{"matrix":[0.955336489125606,0,-0.29552020666133955,0,0,1,0,0,0.29552020666133955,0,0.955336489125606,0,-0.5427643569486778,0.022,0.11681974501807652,1],"mesh":65},{"matrix":[0.955336489125606,0,-0.29552020666133955,0,0,1,0,0,0.29552020666133955,0,0.955336489125606,0,-0.5217469541879144,0.022,0.12332118956462595,1],"mesh":66},{"matrix":[0.955336489125606,0,-0.29552020666133955,0,0,1,0,0,0.29552020666133955,0,0.955336489125606,0,-0.7174050235813338,0.022,0.08582559140644405,1],"mesh":67},{"matrix":[0.955336489125606,0,-0.29552020666133955,0,0,1,0,0,0.29552020666133955,0,0.955336489125606,0,-0.6963876208205705,0.022,0.09232703595299352,1],"mesh":68},{"matrix":[0.955336489125606,0,-0.29552020666133955,0,0,1,0,0,0.29552020666133955,0,0.955336489125606,0,-0.6753702180598071,0.022,0.09882848049954301,1],"mesh":69},{"matrix":[0.955336489125606,0,-0.29552020666133955,0,0,1,0,0,0.29552020666133955,0,0.955336489125606,0,-0.6543528152990439,0.022,0.10532992504609245,1],"mesh":70},{"matrix":[0.955336489125606,0,-0.29552020666133955,0,0,1,0,0,0.29552020666133955,0,0.955336489125606,0,-0.6333354125382805,0.022,0.11183136959264192,1],"mesh":71},{"matrix":[0.955336489125606,0,-0.29552020666133955,0,0,1,0,0,0.29552020666133955,0,0.955336489125606,0,-0.6123180097775172,0.022,0.11833281413919139,1],"mesh":72},{"matrix":[0.955336489125606,0,-0.29552020666133955,0,0,1,0,0,0.29552020666133955,0,0.955336489125606,0,-0.5913006070167538,0.022,0.12483425868574088,1],"mesh":73},{"matrix":[0.955336489125606,0,-0.29552020666133955,0,0,1,0,0,0.29552020666133955,0,0.955336489125606,0,-0.5702832042559904,0.022,0.13133570323229035,1],"mesh":74},{"matrix":[0.955336489125606,0,-0.29552020666133955,0,0,1,0,0,0.29552020666133955,0,0.955336489125606,0,-0.5492658014952272,0.022,0.13783714777883982,1],"mesh":75},{"matrix":[0.955336489125606,0,-0.29552020666133955,0,0,1,0,0,0.29552020666133955,0,0.955336489125606,0,-0.5282483987344638,0.022,0.14433859232538926,1],"mesh":76},{"matrix":[0.955336489125606,0,-0.29552020666133955,0,0,1,0,0,0.29552020666133955,0,0.955336489125606,0,-0.7239064681278833,0.022,0.10684299416720741,1],"mesh":77},{"matrix":[0.955336489125606,0,-0.29552020666133955,0,0,1,0,0,0.29552020666133955,0,0.955336489125606,0,-0.7028890653671199,0.022,0.11334443871375688,1],"mesh":78},{"matrix":[0.955336489125606,0,-0.29552020666133955,0,0,1,0,0,0.29552020666133955,0,0.955336489125606,0,-0.6818716626063566,0.022,0.11984588326030637,1],"mesh":79},{"matrix":[0.955336489125606,0,-0.29552020666133955,0,0,1,0,0,0.29552020666133955,0,0.955336489125606,0,-0.6608542598455933,0.022,0.1263473278068558,1],"mesh":80},{"matrix":[0.955336489125606,0,-0.29552020666133955,0,0,1,0,0,0.29552020666133955,0,0.955336489125606,0,-0.63983685708483,0.022,0.13284877235340528,1],"mesh":81},{"matrix":[0.955336489125606,0,-0.29552020666133955,0,0,1,0,0,0.29552020666133955,0,0.955336489125606,0,-0.6188194543240666,0.022,0.13935021689995475,1],"mesh":82},{"matrix":[0.955336489125606,0,-0.29552020666133955,0,0,1,0,0,0.29552020666133955,0,0.955336489125606,0,-0.5978020515633032,0.022,0.14585166144650424,1],"mesh":83},{"matrix":[0.955336489125606,0,-0.29552020666133955,0,0,1,0,0,0.29552020666133955,0,0.955336489125606,0,-0.5767846488025399,0.022,0.1523531059930537,1],"mesh":84},{"matrix":[0.955336489125606,0,-0.29552020666133955,0,0,1,0,0,0.29552020666133955,0,0.955336489125606,0,-0.5557672460417766,0.022,0.15885455053960318,1],"mesh":85},{"matrix":[0.955336489125606,0,-0.29552020666133955,0,0,1,0,0,0.29552020666133955,0,0.955336489125606,0,-0.5347498432810134,0.022,0.16535599508615262,1],"mesh":86},{"matrix":[0.955336489125606,-0.07311286916773024,-0.2863331991006687,0,0,0.9689124217106448,-0.24740395925452288,0,0.2955202066613395,0.23635402982999035,0.925637391227236,0,-0.51,0.11,0.2,1],"mesh":87},{"matrix":[0.955336489125606,-0.07311286916773024,-0.2863331991006687,0,0,0.9689124217106448,-0.24740395925452288,0,0.2955202066613395,0.23635402982999035,0.925637391227236,0,-0.51,0.11,0.204,1],"mesh":88},{"matrix":[0.955336489125606,-0.07311286916773024,-0.2863331991006687,0,0,0.9689124217106448,-0.24740395925452288,0,0.2955202066613395,0.23635402982999035,0.925637391227236,0,-0.505,0.195,0.185,1],"mesh":89},{"matrix":[1,0,0,0,0,1,0,0,0,0,1,0,-0.505,0.2,0.19,1],"mesh":90},{"matrix":[3.3306690738754696e-16,0.9999999999999998,-5.551115123125783e-17,0,-0.9553364891256058,3.3306690738754696e-16,0.29552020666133955,0,0.29552020666133955,0,0.955336489125606,0,-0.55,0.02,0.22,1],"mesh":91},{"matrix":[1,0,0,0,0,1,0,0,0,0,1,0,-0.6,0.05,0.55,1],"mesh":92},{"matrix":[1,0,0,0,0,2.220446049250313e-16,1,0,0,-1,2.220446049250313e-16,0,-0.6,0.1,0.55,1],"mesh":93},{"matrix":[1,0,0,0,0,1,0,0,0,0,1,0,-0.6,0.04,0.55,1],"mesh":94},{"matrix":[1,0,0,0,0,2.220446049250313e-16,-1,0,0,1,2.220446049250313e-16,0,-0.6,0.075,0.55,1],"mesh":95},{"matrix":[1,0,0,0,0,1,0,0,0,0,1,0,-0.6,0.005,0.55,1],"mesh":96},{"matrix":[0.8,0,0,0,0,1.2,0,0,0,0,0.8,0,-0.568,0.030675777488554507,0.55,1],"mesh":97},{"matrix":[0.8,0,0,0,0,1.2,0,0,0,0,0.8,0,-0.5773725830020304,0.03650465414488284,0.5726274169979696,1],"mesh":98},{"matrix":[0.8,0,0,0,0,1.2,0,0,0,0,0.8,0,-0.6,0.03036260109715808,0.5820000000000001,1],"mesh":99},{"matrix":[0.8,0,0,0,0,1.2,0,0,0,0,0.8,0,-0.6226274169979695,0.04232408351240309,0.5726274169979696,1],"mesh":100},{"matrix":[0.8,0,0,0,0,1.2,0,0,0,0,0.8,0,-0.632,0.049808316205962516,0.55,1],"mesh":101},{"matrix":[0.8,0,0,0,0,1.2,0,0,0,0,0.8,0,-0.6226274169979695,0.03378645695791263,0.5273725830020305,1],"mesh":102},{"matrix":[0.8,0,0,0,0,1.2,0,0,0,0,0.8,0,-0.6,0.059770551828706026,0.518,1],"mesh":103},{"matrix":[0.8,0,0,0,0,1.2,0,0,0,0,0.8,0,-0.5773725830020304,0.07330691475394076,0.5273725830020305,1],"mesh":104},{"matrix":[1,0,0,0,0,2.220446049250313e-16,-1,0,0,1,2.220446049250313e-16,0,-0.1,0.001,0.1,1],"mesh":105},{"children":[0,1,2,3,4,5,6,7,8,9,10,11,12,13,14,15,16,17,18,19,20,21,22,23,24,25,26,27,28,29,30,31,32,33,34,35,36,37,38,39,40,41,42,43,44,45,46,47,48,49,50,51,52,53,54,55,56,57,58,59,60,61,62,63,64,65,66,67,68,69,70,71,72,73,74,75,76,77,78,79,80,81,82,83,84,85,86,87,88,89,90,91,92,93,94,95,96,97,98,99,100,101,102,103,104,105]}],"bufferViews":[{"buffer":0,"byteOffset":0,"byteLength":288,"target":34962,"byteStride":12},{"buffer":0,"byteOffset":288,"byteLength":288,"target":34962,"byteStride":12},{"buffer":0,"byteOffset":576,"byteLength":192,"target":34962,"byteStride":8},{"buffer":0,"byteOffset":768,"byteLength":72,"target":34963},{"buffer":0,"byteOffset":840,"byteLength":624,"target":34962,"byteStride":12},{"buffer":0,"byteOffset":1464,"byteLength":624,"target":34962,"byteStride":12},{"buffer":0,"byteOffset":2088,"byteLength":416,"target":34962,"byteStride":8},{"buffer":0,"byteOffset":2504,"byteLength":192,"target":34963},{"buffer":0,"byteOffset":2696,"byteLength":624,"target":34962,"byteStride":12},{"buffer":0,"byteOffset":3320,"byteLength":624,"target":34962,"byteStride":12},{"buffer":0,"byteOffset":3944,"byteLength":416,"target":34962,"byteStride":8},{"buffer":0,"byteOffset":4360,"byteLength":192,"target":34963},{"buffer":0,"byteOffset":4552,"byteLength":624,"target":34962,"byteStride":12},{"buffer":0,"byteOffset":5176,"byteLength":624,"target":34962,"byteStride":12},{"buffer":0,"byteOffset":5800,"byteLength":416,"target":34962,"byteStride":8},{"buffer":0,"byteOffset":6216,"byteLength":192,"target":34963},{"buffer":0,"byteOffset":6408,"byteLength":624,"target":34962,"byteStride":12},{"buffer":0,"byteOffset":7032,"byteLength":624,"target":34962,"byteStride":12},{"buffer":0,"byteOffset":7656,"byteLength":416,"target":34962,"byteStride":8},{"buffer":0,"byteOffset":8072,"byteLength":192,"target":34963},{"buffer":0,"byteOffset":8264,"byteLength":972,"target":34962,"byteStride":12},{"buffer":0,"byteOffset":9236,"byteLength":972,"target":34962,"byteStride":12},{"buffer":0,"byteOffset":10208,"byteLength":648,"target":34962,"byteStride":8},{"buffer":0,"byteOffset":10856,"byteLength":672,"target":34963},{"buffer":0,"byteOffset":11528,"byteLength":972,"target":34962,"byteStride":12},{"buffer":0,"byteOffset":12500,"byteLength":972,"target":34962,"byteStride":12},{"buffer":0,"byteOffset":13472,"byteLength":648,"target":34962,"byteStride":8},{"buffer":0,"byteOffset":14120,"byteLength":672,"target":34963},{"buffer":0,"byteOffset":14792,"byteLength":972,"target":34962,"byteStride":12},{"buffer":0,"byteOffset":15764,"byteLength":972,"target":34962,"byteStride":12},{"buffer":0,"byteOffset":16736,"byteLength":648,"target":34962,"byteStride":8},{"buffer":0,"byteOffset":17384,"byteLength":672,"target":34963},{"buffer":0,"byteOffset":18056,"byteLength":972,"target":34962,"byteStride":12},{"buffer":0,"byteOffset":19028,"byteLength":972,"target":34962,"byteStride":12},{"buffer":0,"byteOffset":20000,"byteLength":648,"target":34962,"byteStride":8},{"buffer":0,"byteOffset":20648,"byteLength":672,"target":34963},{"buffer":0,"byteOffset":21320,"byteLength":972,"target":34962,"byteStride":12},{"buffer":0,"byteOffset":22292,"byteLength":972,"target":34962,"byteStride":12},{"buffer":0,"byteOffset":23264,"byteLength":648,"target":34962,"byteStride":8},{"buffer":0,"byteOffset":23912,"byteLength":672,"target":34963},{"buffer":0,"byteOffset":24584,"byteLength":972,"target":34962,"byteStride":12},{"buffer":0,"byteOffset":25556,"byteLength":972,"target":34962,"byteStride":12},{"buffer":0,"byteOffset":26528,"byteLength":648,"target":34962,"byteStride":8},{"buffer":0,"byteOffset":27176,"byteLength":672,"target":34963},{"buffer":0,"byteOffset":27848,"byteLength":972,"target":34962,"byteStride":12},{"buffer":0,"byteOffset":28820,"byteLength":972,"target":34962,"byteStride":12},{"buffer":0,"byteOffset":29792,"byteLength":648,"target":34962,"byteStride":8},{"buffer":0,"byteOffset":30440,"byteLength":672,"target":34963},{"buffer":0,"byteOffset":31112,"byteLength":972,"target":34962,"byteStride":12},{"buffer":0,"byteOffset":32084,"byteLength":972,"target":34962,"byteStride":12},{"buffer":0,"byteOffset":33056,"byteLength":648,"target":34962,"byteStride":8},{"buffer":0,"byteOffset":33704,"byteLength":672,"target":34963},{"buffer":0,"byteOffset":34376,"byteLength":972,"target":34962,"byteStride":12},{"buffer":0,"byteOffset":35348,"byteLength":972,"target":34962,"byteStride":12},{"buffer":0,"byteOffset":36320,"byteLength":648,"target":34962,"byteStride":8},{"buffer":0,"byteOffset":36968,"byteLength":672,"target":34963},{"buffer":0,"byteOffset":37640,"byteLength":972,"target":34962,"byteStride":12},{"buffer":0,"byteOffset":38612,"byteLength":972,"target":34962,"byteStride":12},{"buffer":0,"byteOffset":39584,"byteLength":648,"target":34962,"byteStride":8},{"buffer":0,"byteOffset":40232,"byteLength":672,"target":34963},{"buffer":0,"byteOffset":40904,"byteLength":972,"target":34962,"byteStride":12},{"buffer":0,"byteOffset":41876,"byteLength":972,"target":34962,"byteStride":12},{"buffer":0,"byteOffset":42848,"byteLength":648,"target":34962,"byteStride":8},{"buffer":0,"byteOffset":43496,"byteLength":672,"target":34963},{"buffer":0,"byteOffset":44168,"byteLength":972,"target":34962,"byteStride":12},{"buffer":0,"byteOffset":45140,"byteLength":972,"target":34962,"byteStride":12},{"buffer":0,"byteOffset":46112,"byteLength":648,"target":34962,"byteStride":8},{"buffer":0,"byteOffset":46760,"byteLength":672,"target":34963},{"buffer":0,"byteOffset":47432,"byteLength":972,"target":34962,"byteStride":12},{"buffer":0,"byteOffset":48404,"byteLength":972,"target":34962,"byteStride":12},{"buffer":0,"byteOffset":49376,"byteLength":648,"target":34962,"byteStride":8},{"buffer":0,"byteOffset":50024,"byteLength":672,"target":34963},{"buffer":0,"byteOffset":50696,"byteLength":972,"target":34962,"byteStride":12},{"buffer":0,"byteOffset":51668,"byteLength":972,"target":34962,"byteStride":12},{"buffer":0,"byteOffset":52640,"byteLength":648,"target":34962,"byteStride":8},{"buffer":0,"byteOffset":53288,"byteLength":672,"target":34963},{"buffer":0,"byteOffset":53960,"byteLength":972,"target":34962,"byteStride":12},{"buffer":0,"byteOffset":54932,"byteLength":972,"target":34962,"byteStride":12},{"buffer":0,"byteOffset":55904,"byteLength":648,"target":34962,"byteStride":8},{"buffer":0,"byteOffset":56552,"byteLength":672,"target":34963},{"buffer":0,"byteOffset":57224,"byteLength":288,"target":34962,"byteStride":12},{"buffer":0,"byteOffset":57512,"byteLength":288,"target":34962,"byteStride":12},{"buffer":0,"byteOffset":57800,"byteLength":192,"target":34962,"byteStride":8},{"buffer":0,"byteOffset":57992,"byteLength":72,"target":34963},{"buffer":0,"byteOffset":58064,"byteLength":2700,"target":34962,"byteStride":12},{"buffer":0,"byteOffset":60764,"byteLength":2700,"target":34962,"byteStride":12},{"buffer":0,"byteOffset":63464,"byteLength":1800,"target":34962,"byteStride":8},{"buffer":0,"byteOffset":65264,"byteLength":2184,"target":34963},{"buffer":0,"byteOffset":67448,"byteLength":1452,"target":34962,"byteStride":12},{"buffer":0,"byteOffset":68900,"byteLength":1452,"target":34962,"byteStride":12},{"buffer":0,"byteOffset":70352,"byteLength":968,"target":34962,"byteStride":8},{"buffer":0,"byteOffset":71320,"byteLength":1080,"target":34963},{"buffer":0,"byteOffset":72400,"byteLength":972,"target":34962,"byteStride":12},{"buffer":0,"byteOffset":73372,"byteLength":972,"target":34962,"byteStride":12},{"buffer":0,"byteOffset":74344,"byteLength":648,"target":34962,"byteStride":8},{"buffer":0,"byteOffset":74992,"byteLength":672,"target":34963},{"buffer":0,"byteOffset":75664,"byteLength":972,"target":34962,"byteStride":12},{"buffer":0,"byteOffset":76636,"byteLength":972,"target":34962,"byteStride":12},{"buffer":0,"byteOffset":77608,"byteLength":648,"target":34962,"byteStride":8},{"buffer":0,"byteOffset":78256,"byteLength":672,"target":34963},{"buffer":0,"byteOffset":78928,"byteLength":972,"target":34962,"byteStride":12},{"buffer":0,"byteOffset":79900,"byteLength":972,"target":34962,"byteStride":12},{"buffer":0,"byteOffset":80872,"byteLength":648,"target":34962,"byteStride":8},{"buffer":0,"byteOffset":81520,"byteLength":672,"target":34963},{"buffer":0,"byteOffset":82192,"byteLength":972,"target":34962,"byteStride":12},{"buffer":0,"byteOffset":83164,"byteLength":972,"target":34962,"byteStride":12},{"buffer":0,"byteOffset":84136,"byteLength":648,"target":34962,"byteStride":8},{"buffer":0,"byteOffset":84784,"byteLength":672,"target":34963},{"buffer":0,"byteOffset":85456,"byteLength":288,"target":34962,"byteStride":12},{"buffer":0,"byteOffset":85744,"byteLength":288,"target":34962,"byteStride":12},{"buffer":0,"byteOffset":86032,"byteLength":192,"target":34962,"byteStride":8},{"buffer":0,"byteOffset":86224,"byteLength":72,"target":34963},{"buffer":0,"byteOffset":86296,"byteLength":768,"target":34962,"byteStride":12},{"buffer":0,"byteOffset":87064,"byteLength":768,"target":34962,"byteStride":12},{"buffer":0,"byteOffset":87832,"byteLength":512,"target":34962,"byteStride":8},{"buffer":0,"byteOffset":88344,"byteLength":240,"target":34963},{"buffer":0,"byteOffset":88584,"byteLength":768,"target":34962,"byteStride":12},{"buffer":0,"byteOffset":89352,"byteLength":768,"target":34962,"byteStride":12},{"buffer":0,"byteOffset":90120,"byteLength":512,"target":34962,"byteStride":8},{"buffer":0,"byteOffset":90632,"byteLength":240,"target":34963},{"buffer":0,"byteOffset":90872,"byteLength":768,"target":34962,"byteStride":12},{"buffer":0,"byteOffset":91640,"byteLength":768,"target":34962,"byteStride":12},{"buffer":0,"byteOffset":92408,"byteLength":512,"target":34962,"byteStride":8},{"buffer":0,"byteOffset":92920,"byteLength":240,"target":34963},{"buffer":0,"byteOffset":93160,"byteLength":288,"target":34962,"byteStride":12},{"buffer":0,"byteOffset":93448,"byteLength":288,"target":34962,"byteStride":12},{"buffer":0,"byteOffset":93736,"byteLength":192,"target":34962,"byteStride":8},{"buffer":0,"byteOffset":93928,"byteLength":72,"target":34963},{"buffer":0,"byteOffset":94000,"byteLength":972,"target":34962,"byteStride":12},{"buffer":0,"byteOffset":94972,"byteLength":972,"target":34962,"byteStride":12},{"buffer":0,"byteOffset":95944,"byteLength":648,"target":34962,"byteStride":8},{"buffer":0,"byteOffset":96592,"byteLength":672,"target":34963},{"buffer":0,"byteOffset":97264,"byteLength":972,"target":34962,"byteStride":12},{"buffer":0,"byteOffset":98236,"byteLength":972,"target":34962,"byteStride":12},{"buffer":0,"byteOffset":99208,"byteLength":648,"target":34962,"byteStride":8},{"buffer":0,"byteOffset":99856,"byteLength":672,"target":34963},{"buffer":0,"byteOffset":100528,"byteLength":972,"target":34962,"byteStride":12},{"buffer":0,"byteOffset":101500,"byteLength":972,"target":34962,"byteStride":12},{"buffer":0,"byteOffset":102472,"byteLength":648,"target":34962,"byteStride":8},{"buffer":0,"byteOffset":103120,"byteLength":672,"target":34963},{"buffer":0,"byteOffset":103792,"byteLength":972,"target":34962,"byteStride":12},{"buffer":0,"byteOffset":104764,"byteLength":972,"target":34962,"byteStride":12},{"buffer":0,"byteOffset":105736,"byteLength":648,"target":34962,"byteStride":8},{"buffer":0,"byteOffset":106384,"byteLength":672,"target":34963},{"buffer":0,"byteOffset":107056,"byteLength":2028,"target":34962,"byteStride":12},{"buffer":0,"byteOffset":109084,"byteLength":2028,"target":34962,"byteStride":12},{"buffer":0,"byteOffset":111112,"byteLength":1352,"target":34962,"byteStride":8},{"buffer":0,"byteOffset":112464,"byteLength":1584,"target":34963},{"buffer":0,"byteOffset":114048,"byteLength":1452,"target":34962,"byteStride":12},{"buffer":0,"byteOffset":115500,"byteLength":1452,"target":34962,"byteStride":12},{"buffer":0,"byteOffset":116952,"byteLength":968,"target":34962,"byteStride":8},{"buffer":0,"byteOffset":117920,"byteLength":1080,"target":34963},{"buffer":0,"byteOffset":119000,"byteLength":480,"target":34962,"byteStride":12},{"buffer":0,"byteOffset":119480,"byteLength":480,"target":34962,"byteStride":12},{"buffer":0,"byteOffset":119960,"byteLength":320,"target":34962,"byteStride":8},{"buffer":0,"byteOffset":120280,"byteLength":144,"target":34963},{"buffer":0,"byteOffset":120424,"byteLength":480,"target":34962,"byteStride":12},{"buffer":0,"byteOffset":120904,"byteLength":480,"target":34962,"byteStride":12},{"buffer":0,"byteOffset":121384,"byteLength":320,"target":34962,"byteStride":8},{"buffer":0,"byteOffset":121704,"byteLength":144,"target":34963},{"buffer":0,"byteOffset":121848,"byteLength":480,"target":34962,"byteStride":12},{"buffer":0,"byteOffset":122328,"byteLength":480,"target":34962,"byteStride":12},{"buffer":0,"byteOffset":122808,"byteLength":320,"target":34962,"byteStride":8},{"buffer":0,"byteOffset":123128,"byteLength":144,"target":34963},{"buffer":0,"byteOffset":123272,"byteLength":480,"target":34962,"byteStride":12},{"buffer":0,"byteOffset":123752,"byteLength":480,"target":34962,"byteStride":12},{"buffer":0,"byteOffset":124232,"byteLength":320,"target":34962,"byteStride":8},{"buffer":0,"byteOffset":124552,"byteLength":144,"target":34963},{"buffer":0,"byteOffset":124696,"byteLength":480,"target":34962,"byteStride":12},{"buffer":0,"byteOffset":125176,"byteLength":480,"target":34962,"byteStride":12},{"buffer":0,"byteOffset":125656,"byteLength":320,"target":34962,"byteStride":8},{"buffer":0,"byteOffset":125976,"byteLength":144,"target":34963},{"buffer":0,"byteOffset":126120,"byteLength":480,"target":34962,"byteStride":12},{"buffer":0,"byteOffset":126600,"byteLength":480,"target":34962,"byteStride":12},{"buffer":0,"byteOffset":127080,"byteLength":320,"target":34962,"byteStride":8},{"buffer":0,"byteOffset":127400,"byteLength":144,"target":34963},{"buffer":0,"byteOffset":127544,"byteLength":288,"target":34962,"byteStride":12},{"buffer":0,"byteOffset":127832,"byteLength":288,"target":34962,"byteStride":12},{"buffer":0,"byteOffset":128120,"byteLength":192,"target":34962,"byteStride":8},{"buffer":0,"byteOffset":128312,"byteLength":72,"target":34963},{"buffer":0,"byteOffset":128384,"byteLength":288,"target":34962,"byteStride":12},{"buffer":0,"byteOffset":128672,"byteLength":288,"target":34962,"byteStride":12},{"buffer":0,"byteOffset":128960,"byteLength":192,"target":34962,"byteStride":8},{"buffer":0,"byteOffset":129152,"byteLength":72,"target":34963},{"buffer":0,"byteOffset":129224,"byteLength":288,"target":34962,"byteStride":12},{"buffer":0,"byteOffset":129512,"byteLength":288,"target":34962,"byteStride":12},{"buffer":0,"byteOffset":129800,"byteLength":192,"target":34962,"byteStride":8},{"buffer":0,"byteOffset":129992,"byteLength":72,"target":34963},{"buffer":0,"byteOffset":130064,"byteLength":288,"target":34962,"byteStride":12},{"buffer":0,"byteOffset":130352,"byteLength":288,"target":34962,"byteStride":12},{"buffer":0,"byteOffset":130640,"byteLength":192,"target":34962,"byteStride":8},{"buffer":0,"byteOffset":130832,"byteLength":72,"target":34963},{"buffer":0,"byteOffset":130904,"byteLength":288,"target":34962,"byteStride":12},{"buffer":0,"byteOffset":131192,"byteLength":288,"target":34962,"byteStride":12},{"buffer":0,"byteOffset":131480,"byteLength":192,"target":34962,"byteStride":8},{"buffer":0,"byteOffset":131672,"byteLength":72,"target":34963},{"buffer":0,"byteOffset":131744,"byteLength":288,"target":34962,"byteStride":12},{"buffer":0,"byteOffset":132032,"byteLength":288,"target":34962,"byteStride":12},{"buffer":0,"byteOffset":132320,"byteLength":192,"target":34962,"byteStride":8},{"buffer":0,"byteOffset":132512,"byteLength":72,"target":34963},{"buffer":0,"byteOffset":132584,"byteLength":288,"target":34962,"byteStride":12},{"buffer":0,"byteOffset":132872,"byteLength":288,"target":34962,"byteStride":12},{"buffer":0,"byteOffset":133160,"byteLength":192,"target":34962,"byteStride":8},{"buffer":0,"byteOffset":133352,"byteLength":72,"target":34963},{"buffer":0,"byteOffset":133424,"byteLength":288,"target":34962,"byteStride":12},{"buffer":0,"byteOffset":133712,"byteLength":288,"target":34962,"byteStride":12},{"buffer":0,"byteOffset":134000,"byteLength":192,"target":34962,"byteStride":8},{"buffer":0,"byteOffset":134192,"byteLength":72,"target":34963},{"buffer":0,"byteOffset":134264,"byteLength":288,"target":34962,"byteStride":12},{"buffer":0,"byteOffset":134552,"byteLength":288,"target":34962,"byteStride":12},{"buffer":0,"byteOffset":134840,"byteLength":192,"target":34962,"byteStride":8},{"buffer":0,"byteOffset":135032,"byteLength":72,"target":34963},{"buffer":0,"byteOffset":135104,"byteLength":288,"target":34962,"byteStride":12},{"buffer":0,"byteOffset":135392,"byteLength":288,"target":34962,"byteStride":12},{"buffer":0,"byteOffset":135680,"byteLength":192,"target":34962,"byteStride":8},{"buffer":0,"byteOffset":135872,"byteLength":72,"target":34963},{"buffer":0,"byteOffset":135944,"byteLength":288,"target":34962,"byteStride":12},{"buffer":0,"byteOffset":136232,"byteLength":288,"target":34962,"byteStride":12},{"buffer":0,"byteOffset":136520,"byteLength":192,"target":34962,"byteStride":8},{"buffer":0,"byteOffset":136712,"byteLength":72,"target":34963},{"buffer":0,"byteOffset":136784,"byteLength":288,"target":34962,"byteStride":12},{"buffer":0,"byteOffset":137072,"byteLength":288,"target":34962,"byteStride":12},{"buffer":0,"byteOffset":137360,"byteLength":192,"target":34962,"byteStride":8},{"buffer":0,"byteOffset":137552,"byteLength":72,"target":34963},{"buffer":0,"byteOffset":137624,"byteLength":288,"target":34962,"byteStride":12},{"buffer":0,"byteOffset":137912,"byteLength":288,"target":34962,"byteStride":12},{"buffer":0,"byteOffset":138200,"byteLength":192,"target":34962,"byteStride":8},{"buffer":0,"byteOffset":138392,"byteLength":72,"target":34963},{"buffer":0,"byteOffset":138464,"byteLength":288,"target":34962,"byteStride":12},{"buffer":0,"byteOffset":138752,"byteLength":288,"target":34962,"byteStride":12},{"buffer":0,"byteOffset":139040,"byteLength":192,"target":34962,"byteStride":8},{"buffer":0,"byteOffset":139232,"byteLength":72,"target":34963},{"buffer":0,"byteOffset":139304,"byteLength":288,"target":34962,"byteStride":12},{"buffer":0,"byteOffset":139592,"byteLength":288,"target":34962,"byteStride":12},{"buffer":0,"byteOffset":139880,"byteLength":192,"target":34962,"byteStride":8},{"buffer":0,"byteOffset":140072,"byteLength":72,"target":34963},{"buffer":0,"byteOffset":140144,"byteLength":288,"target":34962,"byteStride":12},{"buffer":0,"byteOffset":140432,"byteLength":288,"target":34962,"byteStride":12},{"buffer":0,"byteOffset":140720,"byteLength":192,"target":34962,"byteStride":8},{"buffer":0,"byteOffset":140912,"byteLength":72,"target":34963},{"buffer":0,"byteOffset":140984,"byteLength":288,"target":34962,"byteStride":12},{"buffer":0,"byteOffset":141272,"byteLength":288,"target":34962,"byteStride":12},{"buffer":0,"byteOffset":141560,"byteLength":192,"target":34962,"byteStride":8},{"buffer":0,"byteOffset":141752,"byteLength":72,"target":34963},{"buffer":0,"byteOffset":141824,"byteLength":288,"target":34962,"byteStride":12},{"buffer":0,"byteOffset":142112,"byteLength":288,"target":34962,"byteStride":12},{"buffer":0,"byteOffset":142400,"byteLength":192,"target":34962,"byteStride":8},{"buffer":0,"byteOffset":142592,"byteLength":72,"target":34963},{"buffer":0,"byteOffset":142664,"byteLength":288,"target":34962,"byteStride":12},{"buffer":0,"byteOffset":142952,"byteLength":288,"target":34962,"byteStride":12},{"buffer":0,"byteOffset":143240,"byteLength":192,"target":34962,"byteStride":8},{"buffer":0,"byteOffset":143432,"byteLength":72,"target":34963},{"buffer":0,"byteOffset":143504,"byteLength":288,"target":34962,"byteStride":12},{"buffer":0,"byteOffset":143792,"byteLength":288,"target":34962,"byteStride":12},{"buffer":0,"byteOffset":144080,"byteLength":192,"target":34962,"byteStride":8},{"buffer":0,"byteOffset":144272,"byteLength":72,"target":34963},{"buffer":0,"byteOffset":144344,"byteLength":288,"target":34962,"byteStride":12},{"buffer":0,"byteOffset":144632,"byteLength":288,"target":34962,"byteStride":12},{"buffer":0,"byteOffset":144920,"byteLength":192,"target":34962,"byteStride":8},{"buffer":0,"byteOffset":145112,"byteLength":72,"target":34963},{"buffer":0,"byteOffset":145184,"byteLength":288,"target":34962,"byteStride":12},{"buffer":0,"byteOffset":145472,"byteLength":288,"target":34962,"byteStride":12},{"buffer":0,"byteOffset":145760,"byteLength":192,"target":34962,"byteStride":8},{"buffer":0,"byteOffset":145952,"byteLength":72,"target":34963},{"buffer":0,"byteOffset":146024,"byteLength":288,"target":34962,"byteStride":12},{"buffer":0,"byteOffset":146312,"byteLength":288,"target":34962,"byteStride":12},{"buffer":0,"byteOffset":146600,"byteLength":192,"target":34962,"byteStride":8},{"buffer":0,"byteOffset":146792,"byteLength":72,"target":34963},{"buffer":0,"byteOffset":146864,"byteLength":288,"target":34962,"byteStride":12},{"buffer":0,"byteOffset":147152,"byteLength":288,"target":34962,"byteStride":12},{"buffer":0,"byteOffset":147440,"byteLength":192,"target":34962,"byteStride":8},{"buffer":0,"byteOffset":147632,"byteLength":72,"target":34963},{"buffer":0,"byteOffset":147704,"byteLength":288,"target":34962,"byteStride":12},{"buffer":0,"byteOffset":147992,"byteLength":288,"target":34962,"byteStride":12},{"buffer":0,"byteOffset":148280,"byteLength":192,"target":34962,"byteStride":8},{"buffer":0,"byteOffset":148472,"byteLength":72,"target":34963},{"buffer":0,"byteOffset":148544,"byteLength":288,"target":34962,"byteStride":12},{"buffer":0,"byteOffset":148832,"byteLength":288,"target":34962,"byteStride":12},{"buffer":0,"byteOffset":149120,"byteLength":192,"target":34962,"byteStride":8},{"buffer":0,"byteOffset":149312,"byteLength":72,"target":34963},{"buffer":0,"byteOffset":149384,"byteLength":288,"target":34962,"byteStride":12},{"buffer":0,"byteOffset":149672,"byteLength":288,"target":34962,"byteStride":12},{"buffer":0,"byteOffset":149960,"byteLength":192,"target":34962,"byteStride":8},{"buffer":0,"byteOffset":150152,"byteLength":72,"target":34963},{"buffer":0,"byteOffset":150224,"byteLength":288,"target":34962,"byteStride":12},{"buffer":0,"byteOffset":150512,"byteLength":288,"target":34962,"byteStride":12},{"buffer":0,"byteOffset":150800,"byteLength":192,"target":34962,"byteStride":8},{"buffer":0,"byteOffset":150992,"byteLength":72,"target":34963},{"buffer":0,"byteOffset":151064,"byteLength":288,"target":34962,"byteStride":12},{"buffer":0,"byteOffset":151352,"byteLength":288,"target":34962,"byteStride":12},{"buffer":0,"byteOffset":151640,"byteLength":192,"target":34962,"byteStride":8},{"buffer":0,"byteOffset":151832,"byteLength":72,"target":34963},{"buffer":0,"byteOffset":151904,"byteLength":288,"target":34962,"byteStride":12},{"buffer":0,"byteOffset":152192,"byteLength":288,"target":34962,"byteStride":12},{"buffer":0,"byteOffset":152480,"byteLength":192,"target":34962,"byteStride":8},{"buffer":0,"byteOffset":152672,"byteLength":72,"target":34963},{"buffer":0,"byteOffset":152744,"byteLength":288,"target":34962,"byteStride":12},{"buffer":0,"byteOffset":153032,"byteLength":288,"target":34962,"byteStride":12},{"buffer":0,"byteOffset":153320,"byteLength":192,"target":34962,"byteStride":8},{"buffer":0,"byteOffset":153512,"byteLength":72,"target":34963},{"buffer":0,"byteOffset":153584,"byteLength":288,"target":34962,"byteStride":12},{"buffer":0,"byteOffset":153872,"byteLength":288,"target":34962,"byteStride":12},{"buffer":0,"byteOffset":154160,"byteLength":192,"target":34962,"byteStride":8},{"buffer":0,"byteOffset":154352,"byteLength":72,"target":34963},{"buffer":0,"byteOffset":154424,"byteLength":288,"target":34962,"byteStride":12},{"buffer":0,"byteOffset":154712,"byteLength":288,"target":34962,"byteStride":12},{"buffer":0,"byteOffset":155000,"byteLength":192,"target":34962,"byteStride":8},{"buffer":0,"byteOffset":155192,"byteLength":72,"target":34963},{"buffer":0,"byteOffset":155264,"byteLength":288,"target":34962,"byteStride":12},{"buffer":0,"byteOffset":155552,"byteLength":288,"target":34962,"byteStride":12},{"buffer":0,"byteOffset":155840,"byteLength":192,"target":34962,"byteStride":8},{"buffer":0,"byteOffset":156032,"byteLength":72,"target":34963},{"buffer":0,"byteOffset":156104,"byteLength":288,"target":34962,"byteStride":12},{"buffer":0,"byteOffset":156392,"byteLength":288,"target":34962,"byteStride":12},{"buffer":0,"byteOffset":156680,"byteLength":192,"target":34962,"byteStride":8},{"buffer":0,"byteOffset":156872,"byteLength":72,"target":34963},{"buffer":0,"byteOffset":156944,"byteLength":288,"target":34962,"byteStride":12},{"buffer":0,"byteOffset":157232,"byteLength":288,"target":34962,"byteStride":12},{"buffer":0,"byteOffset":157520,"byteLength":192,"target":34962,"byteStride":8},{"buffer":0,"byteOffset":157712,"byteLength":72,"target":34963},{"buffer":0,"byteOffset":157784,"byteLength":288,"target":34962,"byteStride":12},{"buffer":0,"byteOffset":158072,"byteLength":288,"target":34962,"byteStride":12},{"buffer":0,"byteOffset":158360,"byteLength":192,"target":34962,"byteStride":8},{"buffer":0,"byteOffset":158552,"byteLength":72,"target":34963},{"buffer":0,"byteOffset":158624,"byteLength":288,"target":34962,"byteStride":12},{"buffer":0,"byteOffset":158912,"byteLength":288,"target":34962,"byteStride":12},{"buffer":0,"byteOffset":159200,"byteLength":192,"target":34962,"byteStride":8},{"buffer":0,"byteOffset":159392,"byteLength":72,"target":34963},{"buffer":0,"byteOffset":159464,"byteLength":288,"target":34962,"byteStride":12},{"buffer":0,"byteOffset":159752,"byteLength":288,"target":34962,"byteStride":12},{"buffer":0,"byteOffset":160040,"byteLength":192,"target":34962,"byteStride":8},{"buffer":0,"byteOffset":160232,"byteLength":72,"target":34963},{"buffer":0,"byteOffset":160304,"byteLength":288,"target":34962,"byteStride":12},{"buffer":0,"byteOffset":160592,"byteLength":288,"target":34962,"byteStride":12},{"buffer":0,"byteOffset":160880,"byteLength":192,"target":34962,"byteStride":8},{"buffer":0,"byteOffset":161072,"byteLength":72,"target":34963},{"buffer":0,"byteOffset":161144,"byteLength":288,"target":34962,"byteStride":12},{"buffer":0,"byteOffset":161432,"byteLeng