{"asset":{"version":"2.0","generator":"THREE.GLTFExporter"},"scenes":[{"nodes":[128]}],"scene":0,"nodes":[{"matrix":[1,0,0,0,0,1,0,0,0,0,1,0,-0.08,0.02,0.03,1],"mesh":0},{"matrix":[1,0,0,0,0,1,0,0,0,0,1,0,0.08,0.02,0.03,1],"mesh":1},{"matrix":[1,0,0,0,0,1,0,0,0,0,1,0,-0.08,0.08,0.02,1],"mesh":2},{"matrix":[1,0,0,0,0,1,0,0,0,0,1,0,0.08,0.08,0.02,1],"mesh":3},{"matrix":[1,0,0,0,0,1,0,0,0,0,1,0,-0.08,0.24,0.01,1],"mesh":4},{"matrix":[1,0,0,0,0,1,0,0,0,0,1,0,0.08,0.24,0.01,1],"mesh":5},{"matrix":[1,0,0,0,0,0.8,0,0,0,0,0.9,0,-0.08,0.38,0.02,1],"mesh":6},{"matrix":[1,0,0,0,0,0.8,0,0,0,0,0.9,0,0.08,0.38,0.02,1],"mesh":7},{"matrix":[1,0,0,0,0,1,0,0,0,0,1,0,-0.08,0.5,0,1],"mesh":8},{"matrix":[1,0,0,0,0,1,0,0,0,0,1,0,0.08,0.5,0,1],"mesh":9},{"matrix":[1.1,0,0,0,0,0.7,0,0,0,0,0.85,0,0,0.62,0,1],"mesh":10},{"matrix":[1,0,0,0,0,0.9,0,0,0,0,0.95,0,0,0.72,0.02,1],"mesh":11},{"matrix":[1.05,0,0,0,0,1.1,0,0,0,0,0.9,0,0,0.85,0.01,1],"mesh":12},{"matrix":[1,0,0,0,0,1,0,0,0,0,1,0,0,0.78,-0.08,1],"mesh":13},{"matrix":[1,0,0,0,0,1,0,0,0,0,1,0,-0.12,0.78,0.02,1],"mesh":14},{"matrix":[1,0,0,0,0,1,0,0,0,0,1,0,0.12,0.78,0.02,1],"mesh":15},{"matrix":[1,0,0,0,0,1,0,0,0,0,1,0,0,0.82,0.08,1],"mesh":16},{"matrix":[1,0,0,0,0,2.220446049250313e-16,1,0,0,-1,2.220446049250313e-16,0,0,0.68,0.09,1],"mesh":17},{"matrix":[1,0,0,0,0,2.220446049250313e-16,1,0,0,-1,2.220446049250313e-16,0,0,0.7300000000000001,0.09,1],"mesh":18},{"matrix":[1,0,0,0,0,2.220446049250313e-16,1,0,0,-1,2.220446049250313e-16,0,0,0.78,0.09,1],"mesh":19},{"matrix":[1,0,0,0,0,2.220446049250313e-16,1,0,0,-1,2.220446049250313e-16,0,0,0.8300000000000001,0.09,1],"mesh":20},{"matrix":[1,0,0,0,0,2.220446049250313e-16,1,0,0,-1,2.220446049250313e-16,0,0,0.8800000000000001,0.09,1],"mesh":21},{"matrix":[1,0,0,0,0,2.220446049250313e-16,1,0,0,-1,2.220446049250313e-16,0,0,0.93,0.09,1],"mesh":22},{"matrix":[0.9800665778412416,0.19866933079506124,0,0,-0.19866933079506124,0.9800665778412416,0,0,0,0,1,0,-0.08,0.98,0.04,1],"mesh":23},{"matrix":[0.9800665778412416,-0.19866933079506124,0,0,0.19866933079506124,0.9800665778412416,0,0,0,0,1,0,0.08,0.98,0.04,1],"mesh":24},{"matrix":[1,0,0,0,0,1,0,0,0,0,1,0,-0.1,0.7,0.07,1],"mesh":25},{"matrix":[1,0,0,0,0,1,0,0,0,0,1,0,-0.18,0.95,0,1],"mesh":26},{"matrix":[1,0,0,0,0,1,0,0,0,0,1,0,0.18,0.95,0,1],"mesh":27},{"matrix":[0.955336489125606,0.2593433800522307,0.1416799342470381,0,-0.2955202066613395,0.8383866435942036,0.4580127108472919,0,0,-0.4794255386042029,0.8775825618903728,0,-0.2,0.85,0.06,1],"mesh":28},{"matrix":[0.955336489125606,-0.2593433800522307,-0.1416799342470381,0,0.2955202066613395,0.8383866435942036,0.4580127108472919,0,0,-0.4794255386042029,0.8775825618903728,0,0.2,0.85,0.06,1],"mesh":29},{"matrix":[1,0,0,0,0,1,0,0,0,0,1,0,-0.22,0.75,0.12,1],"mesh":30},{"matrix":[1,0,0,0,0,1,0,0,0,0,1,0,0.22,0.75,0.12,1],"mesh":31},{"matrix":[0.9800665778412416,0.12349483641187214,0.15562303292945553,0,-0.19866933079506122,0.6092191543550328,0.7677125236495633,0,0,-0.7833269096274834,0.6216099682706644,0,-0.18,0.68,0.18,1],"mesh":32},{"matrix":[0.9800665778412416,-0.12349483641187214,-0.15562303292945553,0,0.19866933079506122,0.6092191543550328,0.7677125236495633,0,0,-0.7833269096274834,0.6216099682706644,0,0.18,0.68,0.18,1],"mesh":33},{"matrix":[1,0,0,0,0,1,0,0,0,0,1,0,-0.12,0.62,0.22,1],"mesh":34},{"matrix":[1,0,0,0,0,1,0,0,0,0,1,0,0.12,0.62,0.22,1],"mesh":35},{"matrix":[1,0,0,0,0,0.955336489125606,0.29552020666133955,0,0,-0.29552020666133955,0.955336489125606,0,-0.06,0.55,0.2,1],"mesh":36},{"matrix":[1,0,0,0,0,0.8253356149096783,0.5646424733950353,0,0,-0.5646424733950353,0.8253356149096783,0,-0.08,0.52,0.22,1],"mesh":37},{"matrix":[1,0,0,0,0,0.8253356149096783,0.5646424733950353,0,0,-0.5646424733950353,0.8253356149096783,0,-0.062,0.52,0.22,1],"mesh":38},{"matrix":[1,0,0,0,0,0.8253356149096783,0.5646424733950353,0,0,-0.5646424733950353,0.8253356149096783,0,-0.044000000000000004,0.52,0.22,1],"mesh":39},{"matrix":[1,0,0,0,0,0.8253356149096783,0.5646424733950353,0,0,-0.5646424733950353,0.8253356149096783,0,-0.02600000000000001,0.52,0.22,1],"mesh":40},{"matrix":[0.8775825618903728,0.4580127108472919,0.1416799342470381,0,-0.4794255386042029,0.8383866435942036,0.2593433800522307,0,0,-0.2955202066613395,0.955336489125606,0,-0.1,0.55,0.18,1],"mesh":41},{"matrix":[1,0,0,0,0,0.9800665778412416,-0.19866933079506124,0,0,0.19866933079506124,0.9800665778412416,0,0.02,0.78,0.2,1],"mesh":42},{"matrix":[1,0,0,0,0,0.6967067093471654,0.7173560908995228,0,0,-0.7173560908995228,0.6967067093471654,0,-0.01,0.77,0.24,1],"mesh":43},{"matrix":[1,0,0,0,0,0.6967067093471654,0.7173560908995228,0,0,-0.7173560908995228,0.6967067093471654,0,0.006,0.77,0.24,1],"mesh":44},{"matrix":[1,0,0,0,0,0.6967067093471654,0.7173560908995228,0,0,-0.7173560908995228,0.6967067093471654,0,0.022,0.77,0.24,1],"mesh":45},{"matrix":[1,0,0,0,0,0.6967067093471654,0.7173560908995228,0,0,-0.7173560908995228,0.6967067093471654,0,0.038,0.77,0.24,1],"mesh":46},{"matrix":[0.8253356149096783,-0.5533872166040866,-0.11217714232785983,0,0.5646424733950354,0.8088838516750253,0.16396887429543616,0,0,-0.19866933079506122,0.9800665778412416,0,0.06,0.77,0.18,1],"mesh":47},{"matrix":[1,0,0,0,0,1,0,0,0,0,1,0,0,0.62,0.22,1],"mesh":48},{"matrix":[1,0,0,0,0,1,0,0,0,0,1,0,0,0.49,0.22,1],"mesh":49},{"matrix":[1,0,0,0,0,2.220446049250313e-16,1,0,0,-1,2.220446049250313e-16,0,0,0.76,0.22,1],"mesh":50},{"matrix":[1,0,0,0,0,1,0,0,0,0,1,0,0,0.79,0.22,1],"mesh":51},{"matrix":[1,0,0,0,0,1,0,0,0,0,1,0,0,0.79,0.295,1],"mesh":52},{"matrix":[0.8660254037844387,0,-0.49999999999999994,0,0,1,0,0,0.49999999999999994,0,0.8660254037844387,0,0.03749999999999999,0.79,0.2849519052838329,1],"mesh":53},{"matrix":[0.5000000000000001,0,-0.8660254037844386,0,0,1,0,0,0.8660254037844386,0,0.5000000000000001,0,0.06495190528383289,0.79,0.2575,1],"mesh":54},{"matrix":[2.220446049250313e-16,0,-1,0,0,1,0,0,1,0,2.220446049250313e-16,0,0.075,0.79,0.22,1],"mesh":55},{"matrix":[-0.4999999999999998,0,-0.8660254037844388,0,0,1,0,0,0.8660254037844388,0,-0.4999999999999998,0,0.0649519052838329,0.79,0.18250000000000002,1],"mesh":56},{"matrix":[-0.8660254037844388,0,-0.49999999999999994,0,0,1,0,0,0.49999999999999994,0,-0.8660254037844388,0,0.03749999999999999,0.79,0.1550480947161671,1],"mesh":57},{"matrix":[-1,0,-1.2246467991473532e-16,0,0,1,0,0,1.2246467991473532e-16,0,-1,0,9.184850993605149e-18,0.79,0.14500000000000002,1],"mesh":58},{"matrix":[-0.8660254037844388,0,0.5000000000000002,0,0,1,0,0,-0.5000000000000002,0,-0.8660254037844388,0,-0.037500000000000006,0.79,0.1550480947161671,1],"mesh":59},{"matrix":[-0.5000000000000002,0,0.8660254037844384,0,0,1,0,0,-0.8660254037844384,0,-0.5000000000000002,0,-0.06495190528383288,0.79,0.18249999999999997,1],"mesh":60},{"matrix":[-2.220446049250313e-16,0,1,0,0,1,0,0,-1,0,-2.220446049250313e-16,0,-0.075,0.79,0.22,1],"mesh":61},{"matrix":[0.5000000000000001,0,0.8660254037844386,0,0,1,0,0,-0.8660254037844386,0,0.5000000000000001,0,-0.06495190528383289,0.79,0.2575,1],"mesh":62},{"matrix":[0.8660254037844384,0,0.5000000000000004,0,0,1,0,0,-0.5000000000000004,0,0.8660254037844384,0,-0.03750000000000003,0.79,0.28495190528383285,1],"mesh":63},{"matrix":[1.9601331556824833,0,-0.3973386615901225,0,0,0.5,0,0,0.11920159847703674,0,0.5880399467047449,0,0.03,0.55,0.24,1],"mesh":64},{"matrix":[2.220446049250313e-16,1,0,0,-1,2.220446049250313e-16,0,0,0,0,0.3,0,-0.010000000000000002,0.55,0.24,1],"mesh":65},{"matrix":[1,0,0,0,0,1,0,0,0,0,1,0,0.065,0.55,0.24,1],"mesh":66},{"matrix":[1.910672978251212,0,0.5910404133226791,0,0,0.5,0,0,-0.1773121239968037,0,0.5732018934753635,0,-0.04,0.58,0.2,1],"mesh":67},{"matrix":[2.220446049250313e-16,1,0,0,-1,2.220446049250313e-16,0,0,0,0,0.3,0,-0.08,0.58,0.2,1],"mesh":68},{"matrix":[1,0,0,0,0,1,0,0,0,0,1,0,-0.0049999999999999975,0.58,0.2,1],"mesh":69},{"matrix":[1.9900083305560516,0,-0.1996668332936563,0,0,0.5,0,0,0.05990004998809689,0,0.5970024991668155,0,0.02,0.64,0.25,1],"mesh":70},{"matrix":[2.220446049250313e-16,1,0,0,-1,2.220446049250313e-16,0,0,0,0,0.3,0,-0.02,0.64,0.25,1],"mesh":71},{"matrix":[1,0,0,0,0,1,0,0,0,0,1,0,0.05500000000000001,0.64,0.25,1],"mesh":72},{"matrix":[1.9775421558720845,0,0.29887626494719843,0,0,0.5,0,0,-0.08966287948415953,0,0.5932626467616253,0,-0.02,0.68,0.19,1],"mesh":73},{"matrix":[2.220446049250313e-16,1,0,0,-1,2.220446049250313e-16,0,0,0,0,0.3,0,-0.06,0.68,0.19,1],"mesh":74},{"matrix":[1,0,0,0,0,1,0,0,0,0,1,0,0.015000000000000003,0.68,0.19,1],"mesh":75},{"matrix":[1.9378248434212895,0,-0.4948079185090459,0,0,0.5,0,0,0.14844237555271375,0,0.5813474530263868,0,0.04,0.72,0.22,1],"mesh":76},{"matrix":[2.220446049250313e-16,1,0,0,-1,2.220446049250313e-16,0,0,0,0,0.3,0,0,0.72,0.22,1],"mesh":77},{"matrix":[1,0,0,0,0,1,0,0,0,0,1,0,0.07500000000000001,0.72,0.22,1],"mesh":78},{"matrix":[1,0,0,0,0,2.220446049250313e-16,1,0,0,-1,2.220446049250313e-16,0,0,0.73,0.22,1],"mesh":79},{"matrix":[1,0,0,0,0,0.9950041652780258,0.09983341664682815,0,0,-0.09983341664682815,0.9950041652780258,0,0,1.02,0.02,1],"mesh":80},{"matrix":[0.955336489125606,0.29552020666133955,0,0,-0.29552020666133955,0.955336489125606,0,0,0,0,1,0,-0.04,0.99,0.05,1],"mesh":81},{"matrix":[0.955336489125606,-0.29552020666133955,0,0,0.29552020666133955,0.955336489125606,0,0,0,0,1,0,0.04,0.99,0.05,1],"mesh":82},{"matrix":[1,0,0,0,0,1,0,0,0,0,1,0,0,1.14,0.02,1],"mesh":83},{"matrix":[0.9,0,0,0,0,1,0,0,0,0,0.5,0,0,1.11,0.06,1],"mesh":84},{"matrix":[1,0,0,0,0,1,0,0,0,0,1,0,0,1.15,0.09,1],"mesh":85},{"matrix":[1,0,0,0,0,1,0,0,0,0,1,0,-0.03,1.12,0.1,1],"mesh":86},{"matrix":[1,0,0,0,0,1,0,0,0,0,1,0,0.03,1.12,0.1,1],"mesh":87},{"matrix":[1,0,0,0,0,1,0,0,0,0,1,0,-0.03,1.12,0.11,1],"mesh":88},{"matrix":[1,0,0,0,0,1,0,0,0,0,1,0,0.03,1.12,0.11,1],"mesh":89},{"matrix":[1,0,0,0,0,1,0,0,0,0,1,0,-0.03,1.115,0.122,1],"mesh":90},{"matrix":[1,0,0,0,0,1,0,0,0,0,1,0,0.03,1.115,0.122,1],"mesh":91},{"matrix":[1,0,0,0,0,1,0,0,0,0,1,0,0,1.09,0.1,1],"mesh":92},{"matrix":[1,0,0,0,0,1,0,0,0,0,1,0,0,1.06,0.12,1],"mesh":93},{"matrix":[1,0,0,0,0,1,0,0,0,0,1,0,-0.01,1.055,0.125,1],"mesh":94},{"matrix":[1,0,0,0,0,1,0,0,0,0,1,0,0.01,1.055,0.125,1],"mesh":95},{"matrix":[0.8,0,0,0,0,0.7,0,0,0,0,0.6,0,-0.055,1.07,0.08,1],"mesh":96},{"matrix":[0.8,0,0,0,0,0.7,0,0,0,0,0.6,0,0.055,1.07,0.08,1],"mesh":97},{"matrix":[1,0,0,0,0,1,0,0,0,0,1,0,0,1.035,0.11,1],"mesh":98},{"matrix":[1,0,0,0,0,1,0,0,0,0,1,0,0,1.025,0.11,1],"mesh":99},{"matrix":[0.955336489125606,0.29552020666133955,0,0,-0.29552020666133955,0.955336489125606,0,0,0,0,1,0,-0.025,1.04,0.1,1],"mesh":100},{"matrix":[0.955336489125606,-0.29552020666133955,0,0,0.29552020666133955,0.955336489125606,0,0,0,0,1,0,0.025,1.04,0.1,1],"mesh":101},{"matrix":[1,0,0,0,0,0.8,0,0,0,0,0.7,0,0,1.01,0.09,1],"mesh":102},{"matrix":[0.4,0,0,0,0,1,0,0,0,0,0.7,0,-0.1,1.1,0.01,1],"mesh":103},{"matrix":[0.4,0,0,0,0,1,0,0,0,0,0.7,0,0.1,1.1,0.01,1],"mesh":104},{"matrix":[1,0,0,0,0,1,0,0,0,0,1,0,-0.1,1.1,0.02,1],"mesh":105},{"matrix":[1,0,0,0,0,1,0,0,0,0,1,0,0.1,1.1,0.02,1],"mesh":106},{"matrix":[1,0,0,0,0,0.9887710779360422,-0.14943813247359922,0,0,0.14943813247359922,0.9887710779360422,0,0,1.22,0.02,1],"mesh":107},{"matrix":[1,0,0,0,0,0.35,0,0,0,0,1,0,0,1.24,0.01,1],"mesh":108},{"matrix":[1,0,0,0,0,0.9210609940028851,-0.38941834230865047,0,0,0.38941834230865047,0.9210609940028851,0,0,1.21,0.1,1],"mesh":109},{"matrix":[1,0,0,0,0,1,0,0,0,0,1,0,0,1.27,0.01,1],"mesh":110},{"matrix":[2.220446049250313e-16,0.9950041652780257,0.09983341664682815,0,-1,2.220446049250313e-16,1.3877787807814457e-17,0,0,-0.09983341664682815,0.9950041652780257,0,0,1.24,0.06999999999999999,1],"mesh":111},{"matrix":[0,0.9950041652780257,0.0998334166468281,0,-0.7071067811865475,-0.07059288589999402,0.7035741925769524,0,0.7071067811865476,-0.07059288589999413,0.7035741925769523,0,0.04242640687119285,1.24,0.052426406871192856,1],"mesh":112},{"matrix":[2.220446049250313e-16,0.9950041652780256,0.09983341664682793,0,-1.1102230246251565e-16,-0.09983341664682777,0.9950041652780256,0,0.9999999999999998,-1.1102230246251565e-16,2.220446049250313e-16,0,0.06,1.24,0.010000000000000004,1],"mesh":113},{"matrix":[-2.220446049250313e-16,0.9950041652780257,0.09983341664682815,0,0.7071067811865475,-0.07059288589999424,0.7035741925769525,0,0.7071067811865477,0.07059288589999418,-0.7035741925769523,0,0.042426406871192854,1.24,-0.032426406871192845,1],"mesh":114},{"matrix":[0,0.9950041652780257,0.09983341664682815,0,1,2.220446049250313e-16,1.3877787807814457e-16,0,1.1796119636642288e-16,0.09983341664682815,-0.9950041652780257,0,7.347880794884118e-18,1.24,-0.049999999999999996,1],"mesh":115},{"matrix":[1.1102230246251565e-16,0.9950041652780257,0.09983341664682821,0,0.7071067811865475,0.07059288589999413,-0.7035741925769523,0,-0.7071067811865475,0.0705928858999943,-0.7035741925769523,0,-0.04242640687119285,1.24,-0.03242640687119286,1],"mesh":116},{"matrix":[2.220446049250313e-16,0.9950041652780255,0.09983341664682821,0,1.6653345369377348e-16,0.09983341664682843,-0.9950041652780255,0,-0.9999999999999998,-5.551115123125783e-17,0,0,-0.06,1.24,0.00999999999999999,1],"mesh":117},{"matrix":[-2.220446049250313e-16,0.9950041652780258,0.09983341664682827,0,-0.7071067811865474,0.07059288589999402,-0.7035741925769525,0,-0.7071067811865477,-0.07059288589999424,0.7035741925769521,0,-0.04242640687119286,1.24,0.05242640687119284,1],"mesh":118},{"matrix":[2.220446049250313e-16,1,0,0,-1,2.220446049250313e-16,0,0,0,0,1,0,0,1.17,0.1,1],"mesh":119},{"matrix":[2.220446049250313e-16,1,0,0,-1,2.220446049250313e-16,0,0,0,0,1,0,0,1.182,0.1,1],"mesh":120},{"matrix":[2.220446049250313e-16,1,0,0,-1,2.220446049250313e-16,0,0,0,0,1,0,0,1.194,0.1,1],"mesh":121},{"matrix":[0.955336489125606,-0.29552020666133955,0,0,0.29552020666133955,0.955336489125606,0,0,0,0,1,0,-0.06,1.12,0.08,1],"mesh":122},{"matrix":[0.900447102352677,-0.4349655341112302,0,0,0.4349655341112302,0.900447102352677,0,0,0,0,1,0,-0.06,1.1300000000000001,0.08,1],"mesh":123},{"matrix":[0.8253356149096783,-0.5646424733950353,0,0,0.5646424733950353,0.8253356149096783,0,0,0,0,1,0,-0.06,1.1400000000000001,0.08,1],"mesh":124},{"matrix":[0.955336489125606,0.29552020666133955,0,0,-0.29552020666133955,0.955336489125606,0,0,0,0,1,0,0.06,1.12,0.08,1],"mesh":125},{"matrix":[0.900447102352677,0.4349655341112302,0,0,-0.4349655341112302,0.900447102352677,0,0,0,0,1,0,0.06,1.1300000000000001,0.08,1],"mesh":126},{"matrix":[0.8253356149096783,0.5646424733950353,0,0,-0.5646424733950353,0.8253356149096783,0,0,0,0,1,0,0.06,1.1400000000000001,0.08,1],"mesh":127},{"children":[0,1,2,3,4,5,6,7,8,9,10,11,12,13,14,15,16,17,18,19,20,21,22,23,24,25,26,27,28,29,30,31,32,33,34,35,36,37,38,39,40,41,42,43,44,45,46,47,48,49,50,51,52,53,54,55,56,57,58,59,60,61,62,63,64,65,66,67,68,69,70,71,72,73,74,75,76,77,78,79,80,81,82,83,84,85,86,87,88,89,90,91,92,93,94,95,96,97,98,99,100,101,102,103,104,105,106,107,108,109,110,111,112,113,114,115,116,117,118,119,120,121,122,123,124,125,126,127]}],"bufferViews":[{"buffer":0,"byteOffset":0,"byteLength":288,"target":34962,"byteStride":12},{"buffer":0,"byteOffset":288,"byteLength":288,"target":34962,"byteStride":12},{"buffer":0,"byteOffset":576,"byteLength":192,"target":34962,"byteStride":8},{"buffer":0,"byteOffset":768,"byteLength":72,"target":34963},{"buffer":0,"byteOffset":840,"byteLength":288,"target":34962,"byteStride":12},{"buffer":0,"byteOffset":1128,"byteLength":288,"target":34962,"byteStride":12},{"buffer":0,"byteOffset":1416,"byteLength":192,"target":34962,"byteStride":8},{"buffer":0,"byteOffset":1608,"byteLength":72,"target":34963},{"buffer":0,"byteOffset":1680,"byteLength":768,"target":34962,"byteStride":12},{"buffer":0,"byteOffset":2448,"byteLength":768,"target":34962,"byteStride":12},{"buffer":0,"byteOffset":3216,"byteLength":512,"target":34962,"byteStride":8},{"buffer":0,"byteOffset":3728,"byteLength":240,"target":34963},{"buffer":0,"byteOffset":3968,"byteLength":768,"target":34962,"byteStride":12},{"buffer":0,"byteOffset":4736,"byteLength":768,"target":34962,"byteStride":12},{"buffer":0,"byteOffset":5504,"byteLength":512,"target":34962,"byteStride":8},{"buffer":0,"byteOffset":6016,"byteLength":240,"target":34963},{"buffer":0,"byteOffset":6256,"byteLength":912,"target":34962,"byteStride":12},{"buffer":0,"byteOffset":7168,"byteLength":912,"target":34962,"byteStride":12},{"buffer":0,"byteOffset":8080,"byteLength":608,"target":34962,"byteStride":8},{"buffer":0,"byteOffset":8688,"byteLength":288,"target":34963},{"buffer":0,"byteOffset":8976,"byteLength":912,"target":34962,"byteStride":12},{"buffer":0,"byteOffset":9888,"byteLength":912,"target":34962,"byteStride":12},{"buffer":0,"byteOffset":10800,"byteLength":608,"target":34962,"byteStride":8},{"buffer":0,"byteOffset":11408,"byteLength":288,"target":34963},{"buffer":0,"byteOffset":11696,"byteLength":1452,"target":34962,"byteStride":12},{"buffer":0,"byteOffset":13148,"byteLength":1452,"target":34962,"byteStride":12},{"buffer":0,"byteOffset":14600,"byteLength":968,"target":34962,"byteStride":8},{"buffer":0,"byteOffset":15568,"byteLength":1080,"target":34963},{"buffer":0,"byteOffset":16648,"byteLength":1452,"target":34962,"byteStride":12},{"buffer":0,"byteOffset":18100,"byteLength":1452,"target":34962,"byteStride":12},{"buffer":0,"byteOffset":19552,"byteLength":968,"target":34962,"byteStride":8},{"buffer":0,"byteOffset":20520,"byteLength":1080,"target":34963},{"buffer":0,"byteOffset":21600,"byteLength":912,"target":34962,"byteStride":12},{"buffer":0,"byteOffset":22512,"byteLength":912,"target":34962,"byteStride":12},{"buffer":0,"byteOffset":23424,"byteLength":608,"target":34962,"byteStride":8},{"buffer":0,"byteOffset":24032,"byteLength":288,"target":34963},{"buffer":0,"byteOffset":24320,"byteLength":912,"target":34962,"byteStride":12},{"buffer":0,"byteOffset":25232,"byteLength":912,"target":34962,"byteStride":12},{"buffer":0,"byteOffset":26144,"byteLength":608,"target":34962,"byteStride":8},{"buffer":0,"byteOffset":26752,"byteLength":288,"target":34963},{"buffer":0,"byteOffset":27040,"byteLength":2700,"target":34962,"byteStride":12},{"buffer":0,"byteOffset":29740,"byteLength":2700,"target":34962,"byteStride":12},{"buffer":0,"byteOffset":32440,"byteLength":1800,"target":34962,"byteStride":8},{"buffer":0,"byteOffset":34240,"byteLength":2184,"target":34963},{"buffer":0,"byteOffset":36424,"byteLength":2700,"target":34962,"byteStride":12},{"buffer":0,"byteOffset":39124,"byteLength":2700,"target":34962,"byteStride":12},{"buffer":0,"byteOffset":41824,"byteLength":1800,"target":34962,"byteStride":8},{"buffer":0,"byteOffset":43624,"byteLength":2184,"target":34963},{"buffer":0,"byteOffset":45808,"byteLength":2700,"target":34962,"byteStride":12},{"buffer":0,"byteOffset":48508,"byteLength":2700,"target":34962,"byteStride":12},{"buffer":0,"byteOffset":51208,"byteLength":1800,"target":34962,"byteStride":8},{"buffer":0,"byteOffset":53008,"byteLength":2184,"target":34963},{"buffer":0,"byteOffset":55192,"byteLength":288,"target":34962,"byteStride":12},{"buffer":0,"byteOffset":55480,"byteLength":288,"target":34962,"byteStride":12},{"buffer":0,"byteOffset":55768,"byteLength":192,"target":34962,"byteStride":8},{"buffer":0,"byteOffset":55960,"byteLength":72,"target":34963},{"buffer":0,"byteOffset":56032,"byteLength":288,"target":34962,"byteStride":12},{"buffer":0,"byteOffset":56320,"byteLength":288,"target":34962,"byteStride":12},{"buffer":0,"byteOffset":56608,"byteLength":192,"target":34962,"byteStride":8},{"buffer":0,"byteOffset":56800,"byteLength":72,"target":34963},{"buffer":0,"byteOffset":56872,"byteLength":288,"target":34962,"byteStride":12},{"buffer":0,"byteOffset":57160,"byteLength":288,"target":34962,"byteStride":12},{"buffer":0,"byteOffset":57448,"byteLength":192,"target":34962,"byteStride":8},{"buffer":0,"byteOffset":57640,"byteLength":72,"target":34963},{"buffer":0,"byteOffset":57712,"byteLength":288,"target":34962,"byteStride":12},{"buffer":0,"byteOffset":58000,"byteLength":288,"target":34962,"byteStride":12},{"buffer":0,"byteOffset":58288,"byteLength":192,"target":34962,"byteStride":8},{"buffer":0,"byteOffset":58480,"byteLength":72,"target":34963},{"buffer":0,"byteOffset":58552,"byteLength":624,"target":34962,"byteStride":12},{"buffer":0,"byteOffset":59176,"byteLength":624,"target":34962,"byteStride":12},{"buffer":0,"byteOffset":59800,"byteLength":416,"target":34962,"byteStride":8},{"buffer":0,"byteOffset":60216,"byteLength":192,"target":34963},{"buffer":0,"byteOffset":60408,"byteLength":624,"target":34962,"byteStride":12},{"buffer":0,"byteOffset":61032,"byteLength":624,"target":34962,"byteStride":12},{"buffer":0,"byteOffset":61656,"byteLength":416,"target":34962,"byteStride":8},{"buffer":0,"byteOffset":62072,"byteLength":192,"target":34963},{"buffer":0,"byteOffset":62264,"byteLength":624,"target":34962,"byteStride":12},{"buffer":0,"byteOffset":62888,"byteLength":624,"target":34962,"byteStride":12},{"buffer":0,"byteOffset":63512,"byteLength":416,"target":34962,"byteStride":8},{"buffer":0,"byteOffset":63928,"byteLength":192,"target":34963},{"buffer":0,"byteOffset":64120,"byteLength":624,"target":34962,"byteStride":12},{"buffer":0,"byteOffset":64744,"byteLength":624,"target":34962,"byteStride":12},{"buffer":0,"byteOffset":65368,"byteLength":416,"target":34962,"byteStride":8},{"buffer":0,"byteOffset":65784,"byteLength":192,"target":34963},{"buffer":0,"byteOffset":65976,"byteLength":624,"target":34962,"byteStride":12},{"buffer":0,"byteOffset":66600,"byteLength":624,"target":34962,"byteStride":12},{"buffer":0,"byteOffset":67224,"byteLength":416,"target":34962,"byteStride":8},{"buffer":0,"byteOffset":67640,"byteLength":192,"target":34963},{"buffer":0,"byteOffset":67832,"byteLength":624,"target":34962,"byteStride":12},{"buffer":0,"byteOffset":68456,"byteLength":624,"target":34962,"byteStride":12},{"buffer":0,"byteOffset":69080,"byteLength":416,"target":34962,"byteStride":8},{"buffer":0,"byteOffset":69496,"byteLength":192,"target":34963},{"buffer":0,"byteOffset":69688,"byteLength":288,"target":34962,"byteStride":12},{"buffer":0,"byteOffset":69976,"byteLength":288,"target":34962,"byteStride":12},{"buffer":0,"byteOffset":70264,"byteLength":192,"target":34962,"byteStride":8},{"buffer":0,"byteOffset":70456,"byteLength":72,"target":34963},{"buffer":0,"byteOffset":70528,"byteLength":288,"target":34962,"byteStride":12},{"buffer":0,"byteOffset":70816,"byteLength":288,"target":34962,"byteStride":12},{"buffer":0,"byteOffset":71104,"byteLength":192,"target":34962,"byteStride":8},{"buffer":0,"byteOffset":71296,"byteLength":72,"target":34963},{"buffer":0,"byteOffset":71368,"byteLength":288,"target":34962,"byteStride":12},{"buffer":0,"byteOffset":71656,"byteLength":288,"target":34962,"byteStride":12},{"buffer":0,"byteOffset":71944,"byteLength":192,"target":34962,"byteStride":8},{"buffer":0,"byteOffset":72136,"byteLength":72,"target":34963},{"buffer":0,"byteOffset":72208,"byteLength":2028,"target":34962,"byteStride":12},{"buffer":0,"byteOffset":74236,"byteLength":2028,"target":34962,"byteStride":12},{"buffer":0,"byteOffset":76264,"byteLength":1352,"target":34962,"byteStride":8},{"buffer":0,"byteOffset":77616,"byteLength":1584,"target":34963},{"buffer":0,"byteOffset":79200,"byteLength":2028,"target":34962,"byteStride":12},{"buffer":0,"byteOffset":81228,"byteLength":2028,"target":34962,"byteStride":12},{"buffer":0,"byteOffset":83256,"byteLength":1352,"target":34962,"byteStride":8},{"buffer":0,"byteOffset":84608,"byteLength":1584,"target":34963},{"buffer":0,"byteOffset":86192,"byteLength":912,"target":34962,"byteStride":12},{"buffer":0,"byteOffset":87104,"byteLength":912,"target":34962,"byteStride":12},{"buffer":0,"byteOffset":88016,"byteLength":608,"target":34962,"byteStride":8},{"buffer":0,"byteOffset":88624,"byteLength":288,"target":34963},{"buffer":0,"byteOffset":88912,"byteLength":912,"target":34962,"byteStride":12},{"buffer":0,"byteOffset":89824,"byteLength":912,"target":34962,"byteStride":12},{"buffer":0,"byteOffset":90736,"byteLength":608,"target":34962,"byteStride":8},{"buffer":0,"byteOffset":91344,"byteLength":288,"target":34963},{"buffer":0,"byteOffset":91632,"byteLength":1452,"target":34962,"byteStride":12},{"buffer":0,"byteOffset":93084,"byteLength":1452,"target":34962,"byteStride":12},{"buffer":0,"byteOffset":94536,"byteLength":968,"target":34962,"byteStride":8},{"buffer":0,"byteOffset":95504,"byteLength":1080,"target":34963},{"buffer":0,"byteOffset":96584,"byteLength":1452,"target":34962,"byteStride":12},{"buffer":0,"byteOffset":98036,"byteLength":1452,"target":34962,"byteStride":12},{"buffer":0,"byteOffset":99488,"byteLength":968,"target":34962,"byteStride":8},{"buffer":0,"byteOffset":100456,"byteLength":1080,"target":34963},{"buffer":0,"byteOffset":101536,"byteLength":912,"target":34962,"byteStride":12},{"buffer":0,"byteOffset":102448,"byteLength":912,"target":34962,"byteStride":12},{"buffer":0,"byteOffset":103360,"byteLength":608,"target":34962,"byteStride":8},{"buffer":0,"byteOffset":103968,"byteLength":288,"target":34963},{"buffer":0,"byteOffset":104256,"byteLength":912,"target":34962,"byteStride":12},{"buffer":0,"byteOffset":105168,"byteLength":912,"target":34962,"byteStride":12},{"buffer":0,"byteOffset":106080,"byteLength":608,"target":34962,"byteStride":8},{"buffer":0,"byteOffset":106688,"byteLength":288,"target":34963},{"buffer":0,"byteOffset":106976,"byteLength":768,"target":34962,"byteStride":12},{"buffer":0,"byteOffset":107744,"byteLength":768,"target":34962,"byteStride":12},{"buffer":0,"byteOffset":108512,"byteLength":512,"target":34962,"byteStride":8},{"buffer":0,"byteOffset":109024,"byteLength":240,"target":34963},{"buffer":0,"byteOffset":109264,"byteLength":768,"target":34962,"byteStride":12},{"buffer":0,"byteOffset":110032,"byteLength":768,"target":34962,"byteStride":12},{"buffer":0,"byteOffset":110800,"byteLength":512,"target":34962,"byteStride":8},{"buffer":0,"byteOffset":111312,"byteLength":240,"target":34963},{"buffer":0,"byteOffset":111552,"byteLength":288,"target":34962,"byteStride":12},{"buffer":0,"byteOffset":111840,"byteLength":288,"target":34962,"byteStride":12},{"buffer":0,"byteOffset":112128,"byteLength":192,"target":34962,"byteStride":8},{"buffer":0,"byteOffset":112320,"byteLength":72,"target":34963},{"buffer":0,"byteOffset":112392,"byteLength":624,"target":34962,"byteStride":12},{"buffer":0,"byteOffset":113016,"byteLength":624,"target":34962,"byteStride":12},{"buffer":0,"byteOffset":113640,"byteLength":416,"target":34962,"byteStride":8},{"buffer":0,"byteOffset":114056,"byteLength":192,"target":34963},{"buffer":0,"byteOffset":114248,"byteLength":624,"target":34962,"byteStride":12},{"buffer":0,"byteOffset":114872,"byteLength":624,"target":34962,"byteStride":12},{"buffer":0,"byteOffset":115496,"byteLength":416,"target":34962,"byteStride":8},{"buffer":0,"byteOffset":115912,"byteLength":192,"target":34963},{"buffer":0,"byteOffset":116104,"byteLength":624,"target":34962,"byteStride":12},{"buffer":0,"byteOffset":116728,"byteLength":624,"target":34962,"byteStride":12},{"buffer":0,"byteOffset":117352,"byteLength":416,"target":34962,"byteStride":8},{"buffer":0,"byteOffset":117768,"byteLength":192,"target":34963},{"buffer":0,"byteOffset":117960,"byteLength":624,"target":34962,"byteStride":12},{"buffer":0,"byteOffset":118584,"byteLength":624,"target":34962,"byteStride":12},{"buffer":0,"byteOffset":119208,"byteLength":416,"target":34962,"byteStride":8},{"buffer":0,"byteOffset":119624,"byteLength":192,"target":34963},{"buffer":0,"byteOffset":119816,"byteLength":624,"target":34962,"byteStride":12},{"buffer":0,"byteOffset":120440,"byteLength":624,"target":34962,"byteStride":12},{"buffer":0,"byteOffset":121064,"byteLength":416,"target":34962,"byteStride":8},{"buffer":0,"byteOffset":121480,"byteLength":192,"target":34963},{"buffer":0,"byteOffset":121672,"byteLength":288,"target":34962,"byteStride":12},{"buffer":0,"byteOffset":121960,"byteLength":288,"target":34962,"byteStride":12},{"buffer":0,"byteOffset":122248,"byteLength":192,"target":34962,"byteStride":8},{"buffer":0,"byteOffset":122440,"byteLength":72,"target":34963},{"buffer":0,"byteOffset":122512,"byteLength":624,"target":34962,"byteStride":12},{"buffer":0,"byteOffset":123136,"byteLength":624,"target":34962,"byteStride":12},{"buffer":0,"byteOffset":123760,"byteLength":416,"target":34962,"byteStride":8},{"buffer":0,"byteOffset":124176,"byteLength":192,"target":34963},{"buffer":0,"byteOffset":124368,"byteLength":624,"target":34962,"byteStride":12},{"buffer":0,"byteOffset":124992,"byteLength":624,"target":34962,"byteStride":12},{"buffer":0,"byteOffset":125616,"byteLength":416,"target":34962,"byteStride":8},{"buffer":0,"byteOffset":126032,"byteLength":192,"target":34963},{"buffer":0,"byteOffset":126224,"byteLength":624,"target":34962,"byteStride":12},{"buffer":0,"byteOffset":126848,"byteLength":624,"target":34962,"byteStride":12},{"buffer":0,"byteOffset":127472,"byteLength":416,"target":34962,"byteStride":8},{"buffer":0,"byteOffset":127888,"byteLength":192,"target":34963},{"buffer":0,"byteOffset":128080,"byteLength":624,"target":34962,"byteStride":12},{"buffer":0,"byteOffset":128704,"byteLength":624,"target":34962,"byteStride":12},{"buffer":0,"byteOffset":129328,"byteLength":416,"target":34962,"byteStride":8},{"buffer":0,"byteOffset":129744,"byteLength":192,"target":34963},{"buffer":0,"byteOffset":129936,"byteLength":624,"target":34962,"byteStride":12},{"buffer":0,"byteOffset":130560,"byteLength":624,"target":34962,"byteStride":12},{"buffer":0,"byteOffset":131184,"byteLength":416,"target":34962,"byteStride":8},{"buffer":0,"byteOffset":131600,"byteLength":192,"target":34963},{"buffer":0,"byteOffset":131792,"byteLength":1488,"target":34962,"byteStride":12},{"buffer":0,"byteOffset":133280,"byteLength":1488,"target":34962,"byteStride":12},{"buffer":0,"byteOffset":134768,"byteLength":992,"target":34962,"byteStride":8},{"buffer":0,"byteOffset":135760,"byteLength":480,"target":34963},{"buffer":0,"byteOffset":136240,"byteLength":1200,"target":34962,"byteStride":12},{"buffer":0,"byteOffset":137440,"byteLength":1200,"target":34962,"byteStride":12},{"buffer":0,"byteOffset":138640,"byteLength":800,"target":34962,"byteStride":8},{"buffer":0,"byteOffset":139440,"byteLength":384,"target":34963},{"buffer":0,"byteOffset":139824,"byteLength":2268,"target":34962,"byteStride":12},{"buffer":0,"byteOffset":142092,"byteLength":2268,"target":34962,"byteStride":12},{"buffer":0,"byteOffset":144360,"byteLength":1512,"target":34962,"byteStride":8},{"buffer":0,"byteOffset":145872,"byteLength":1920,"target":34963},{"buffer":0,"byteOffset":147792,"byteLength":1200,"target":34962,"byteStride":12},{"buffer":0,"byteOffset":148992,"byteLength":1200,"target":34962,"byteStride":12},{"buffer":0,"byteOffset":150192,"byteLength":800,"target":34962,"byteStride":8},{"buffer":0,"byteOffset":150992,"byteLength":384,"target":34963},{"buffer":0,"byteOffset":151376,"byteLength":288,"target":34962,"byteStride":12},{"buffer":0,"byteOffset":151664,"byteLength":288,"target":34962,"byteStride":12},{"buffer":0,"byteOffset":151952,"byteLength":192,"target":34962,"byteStride":8},{"buffer":0,"byteOffset":152144,"byteLength":72,"target":34963},{"buffer":0,"byteOffset":152216,"byteLength":288,"target":34962,"byteStride":12},{"buffer":0,"byteOffset":152504,"byteLength":288,"target":34962,"byteStride":12},{"buffer":0,"byteOffset":152792,"byteLength":192,"target":34962,"byteStride":8},{"buffer":0,"byteOffset":152984,"byteLength":72,"target":34963},{"buffer":0,"byteOffset":153056,"byteLength":288,"target":34962,"byteStride":12},{"buffer":0,"byteOffset":153344,"byteLength":288,"target":34962,"byteStride":12},{"buffer":0,"byteOffset":153632,"byteLength":192,"target":34962,"byteStride":8},{"buffer":0,"byteOffset":153824,"byteLength":72,"target":34963},{"buffer":0,"byteOffset":153896,"byteLength":288,"target":34962,"byteStride":12},{"buffer":0,"byteOffset":154184,"byteLength":288,"target":34962,"byteStride":12},{"buffer":0,"byteOffset":154472,"byteLength":192,"target":34962,"byteStride":8},{"buffer":0,"byteOffset":154664,"byteLength":72,"target":34963},{"buffer":0,"byteOffset":154736,"byteLength":288,"target":34962,"byteStride":12},{"buffer":0,"byteOffset":155024,"byteLength":288,"target":34962,"byteStride":12},{"buffer":0,"byteOffset":155312,"byteLength":192,"target":34962,"byteStride":8},{"buffer":0,"byteOffset":155504,"byteLength":72,"target":34963},{"buffer":0,"byteOffset":155576,"byteLength":288,"target":34962,"byteStride":12},{"buffer":0,"byteOffset":155864,"byteLength":288,"target":34962,"byteStride":12},{"buffer":0,"byteOffset":156152,"byteLength":192,"target":34962,"byteStride":8},{"buffer":0,"byteOffset":156344,"byteLength":72,"target":34963},{"buffer":0,"byteOffset":156416,"byteLength":288,"target":34962,"byteStride":12},{"buffer":0,"byteOffset":156704,"byteLength":288,"target":34962,"byteStride":12},{"buffer":0,"byteOffset":156992,"byteLength":192,"target":34962,"byteStride":8},{"buffer":0,"byteOffset":157184,"byteLength":72,"target":34963},{"buffer":0,"byteOffset":157256,"byteLength":288,"target":34962,"byteStride":12},{"buffer":0,"byteOffset":157544,"byteLength":288,"target":34962,"byteStride":12},{"buffer":0,"byteOffset":157832,"byteLength":192,"target":34962,"byteStride":8},{"buffer":0,"byteOffset":158024,"byteLength":72,"target":34963},{"buffer":0,"byteOffset":158096,"byteLength":288,"target":34962,"byteStride":12},{"buffer":0,"byteOffset":158384,"byteLength":288,"target":34962,"byteStride":12},{"buffer":0,"byteOffset":158672,"byteLength":192,"target":34962,"byteStride":8},{"buffer":0,"byteOffset":158864,"byteLength":72,"target":34963},{"buffer":0,"byteOffset":158936,"byteLength":288,"target":34962,"byteStride":12},{"buffer":0,"byteOffset":159224,"byteLength":288,"target":34962,"byteStride":12},{"buffer":0,"byteOffset":159512,"byteLength":192,"target":34962,"byteStride":8},{"buffer":0,"byteOffset":159704,"byteLength":72,"target":34963},{"buffer":0,"byteOffset":159776,"byteLength":288,"target":34962,"byteStride":12},{"buffer":0,"byteOffset":160064,"byteLength":288,"target":34962,"byteStride":12},{"buffer":0,"byteOffset":160352,"byteLength":192,"target":34962,"byteStride":8},{"buffer":0,"byteOffset":160544,"byteLength":72,"target":34963},{"buffer":0,"byteOffset":160616,"byteLength":288,"target":34962,"byteStride":12},{"buffer":0,"byteOffset":160904,"byteLength":288,"target":34962,"byteStride":12},{"buffer":0,"byteOffset":161192,"byteLength":192,"target":34962,"byteStride":8},{"buffer":0,"byteOffset":161384,"byteLength":72,"target":34963},{"buffer":0,"byteOffset":161456,"byteLength":1452,"target":34962,"byteStride":12},{"buffer":0,"byteOffset":162908,"byteLength":1452,"target":34962,"byteStride":12},{"buffer":0,"byteOffset":164360,"byteLength":968,"target":34962,"byteStride":8},{"buffer":0,"byteOffset":165328,"byteLength":1080,"target":34963},{"buffer":0,"byteOffset":166408,"byteLength":324,"target":34962,"byteStride":12},{"buffer":0,"byteOffset":166732,"byteLength":324,"target":34962,"byteStride":12},{"buffer":0,"byteOffset":167056,"byteLength":216,"target":34962,"byteStride":8},{"buffer":0,"byteOffset":167272,"byteLength":108,"target":34963},{"buffer":0,"byteOffset":167380,"byteLength":972,"target":34962,"byteStride":12},{"buffer":0,"byteOffset":168352,"byteLength":972,"target":34962,"byteStride":12},{"buffer":0,"byteOffset":169324,"byteLength":648,"target":34962,"byteStride":8},{"buffer":0,"byteOffset":169972,"byteLength":672,"target":34963},{"buffer":0,"byteOffset":170644,"byteLength":1452,"target":34962,"byteStride":12},{"buffer":0,"byteOffset":172096,"byteLength":1452,"target":34962,"byteStride":12},{"buffer":0,"byteOffset":173548,"byteLength":968,"target":34962,"byteStride":8},{"buffer":0,"byteOffset":174516,"byteLength":1080,"target":34963},{"buffer":0,"byteOffset":175596,"byteLength":324,"target":34962,"byteStride":12},{"buffer":0,"byteOffset":175920,"byteLength":324,"target":34962,"byteStride":12},{"buffer":0,"byteOffset":176244,"byteLength":216,"target":34962,"byteStride":8},{"buffer":0,"byteOffset":176460,"byteLength":108,"target":34963},{"buffer":0,"byteOffset":176568,"byteLength":972,"target":34962,"byteStride":12},{"buffer":0,"byteOffset":177540,"byteLength":972,"target":34962,"byteStride":12},{"buffer":0,"byteOffset":178512,"byteLength":648,"target":34962,"byteStride":8},{"buffer":0,"byteOffset":179160,"byteLength":672,"target":34963},{"buffer":0,"byteOffset":179832,"byteLength":1452,"target":34962,"byteStride":12},{"buffer":0,"byteOffset":181284,"byteLength":1452,"target":34962,"byteStride":12},{"buffer":0,"byteOffset":182736,"byteLength":968,"target":34962,"byteStride":8},{"buffer":0,"byteOffset":183704,"byteLength":1080,"target":34963},{"buffer":0,"byteOffset":184784,"byteLength":324,"target":34962,"byteStride":12},{"buffer":0,"byteOffset":185108,"byteLength":324,"target":34962,"byteStride":12},{"buffer":0,"byteOffset":185432,"byteLength":216,"target":34962,"byteStride":8},{"buffer":0,"byteOffset":185648,"byteLength":108,"target":34963},{"buffer":0,"byteOffset":185756,"byteLength":972,"target":34962,"byteStride":12},{"buffer":0,"byteOffset":186728,"byteLength":972,"target":34962,"byteStride":12},{"buffer":0,"byteOffset":187700,"byteLength":648,"target":34962,"byteStride":8},{"buffer":0,"byteOffset":188348,"byteLength":672,"target":34963},{"buffer":0,"byteOffset":189020,"byteLength":1452,"target":34962,"byteStride":12},{"buffer":0,"byteOffset":190472,"byteLength":1452,"target":34962,"byteStride":12},{"buffer":0,"byteOffset":191924,"byteLength":968,"target":34962,"byteStride":8},{"buffer":0,"byteOffset":192892,"byteLength":1080,"target":34963},{"buffer":0,"byteOffset":193972,"byteLength":324,"target":34962,"byteStride":12},{"buffer":0,"byteOffset":194296,"byteLength":324,"target":34962,"byteStride":12},{"buffer":0,"byteOffset":194620,"byteLength":216,"target":34962,"byteStride":8},{"buffer":0,"byteOffset":194836,"byteLength":108,"target":34963},{"buffer":0,"byteOffset":194944,"byteLength":972,"target":34962,"byteStride":12},{"buffer":0,"byteOffset":195916,"byteLength":972,"target":34962,"byteStride":12},{"buffer":0,"byteOffset":196888,"byteLength":648,"target":34962,"byteStride":8},{"buffer":0,"byteOffset":197536,"byteLength":672,"target":34963},{"buffer":0,"byteOffset":198208,"byteLength":1452,"target":34962,"byteStride":12},{"buffer":0,"byteOffset":199660,"byteLength":1452,"target":34962,"byteStride":12},{"buffer":0,"byteOffset":201112,"byteLength":968,"target":34962,"byteStride":8},{"buffer":0,"byteOffset":202080,"byteLength":1080,"target":34963},{"buffer":0,"byteOffset":203160,"byteLength":324,"target":34962,"byteStride":12},{"buffer":0,"byteOffset":203484,"byteLength":324,"target":34962,"byteStride":12},{"buffer":0,"byteOffset":203808,"byteLength":216,"target":34962,"byteStride":8},{"buffer":0,"byteOffset":204024,"byteLength":108,"target":34963},{"buffer":0,"byteOffset":204132,"byteLength":972,"target":34962,"byteStride":12},{"buffer":0,"byteOffset":205104,"byteLength":972,"target":34962,"byteStride":12},{"buffer":0,"byteOffset":206076,"byteLength":648,"target":34962,"byteStride":8},{"buffer":0,"byteOffset":206724,"byteLength":672,"target":34963},{"buffer":0,"byteOffset":207396,"byteLength":1764,"target":34962,"byteStride":12},{"buffer":0,"byteOffset":209160,"byteLength":1764,"target":34962,"byteStride":12},{"buffer":0,"byteOffset":210924,"byteLength":1176,"target":34962,"byteStride":8},{"buffer":0,"byteOffset":212100,"byteLength":1440,"target":34963},{"buffer":0,"byteOffset":213540,"byteLength":912,"target":34962,"byteStride":12},{"buffer":0,"byteOffset":214452,"byteLength":912,"target":34962,"byteStride":12},{"buffer":0,"byteOffset":215364,"byteLength":608,"target":34962,"byteStride":8},{"buffer":0,"byteOffset":215972,"byteLength":288,"target":34963},{"buffer":0,"byteOffset":216260,"byteLength":288,"target":34962,"byteStride":12},{"buffer":0,"byteOffset":216548,"byteLength":288,"target":34962,"byteStride":12},{"buffer":0,"byteOffset":216836,"byteLength":192,"target":34962,"byteStride":8},{"buffer":0,"byteOffset":217028,"byteLength":72,"target":34963},{"buffer":0,"byteOffset":217100,"byteLength":288,"tar