{"asset":{"version":"2.0","generator":"THREE.GLTFExporter"},"scenes":[{"nodes":[131]}],"scene":0,"nodes":[{"matrix":[1,0,0,0,0,1,0,0,0,0,1,0,0,0.015,0,1],"mesh":0},{"matrix":[0.9904732684629111,0,-0.13770513592599962,0,0,1,0,0,0.13770513592599962,0,0.9904732684629111,0,0.2888734874261821,0.025,-0.30541954571877766,1],"mesh":1},{"matrix":[0.9513699497729494,0,-0.30805067548865356,0,0,1,0,0,0.30805067548865356,0,0.9513699497729494,0,-0.30300513097539666,0.025,0.22354977585682298,1],"mesh":2},{"matrix":[0.9293153379236484,0,-0.36928715479942603,0,0,1,0,0,0.36928715479942603,0,0.9293153379236484,0,-0.018029162277262326,0.025,0.0419450014985356,1],"mesh":3},{"matrix":[0.9453079707420081,0,-0.3261791539194784,0,0,1,0,0,0.3261791539194784,0,0.9453079707420081,0,0.08809100179173213,0.025,-0.1051807116995787,1],"mesh":4},{"matrix":[0.9364287673395785,0,-0.35085775422367044,0,0,1,0,0,0.35085775422367044,0,0.9364287673395785,0,-0.049571371836302655,0.025,-0.43502546149672083,1],"mesh":5},{"matrix":[0.9236468627965878,0,-0.38324466447169403,0,0,1,0,0,0.38324466447169403,0,0.9236468627965878,0,0.06736450948450216,0.025,-0.43394100675771624,1],"mesh":6},{"matrix":[0.9910101668613527,0,-0.13378658070761015,0,0,1,0,0,0.13378658070761015,0,0.9910101668613527,0,0.2085074850191926,0.025,-0.07728048725548275,1],"mesh":7},{"matrix":[0.988913008657584,0,-0.1484959976154412,0,0,1,0,0,0.1484959976154412,0,0.988913008657584,0,-0.09852315432783913,0.025,0.3532168245895287,1],"mesh":8},{"matrix":[0.928745615834546,0,-0.3707176568065108,0,0,1,0,0,0.3707176568065108,0,0.928745615834546,0,-0.049563321332544534,0.025,-0.06778644180490757,1],"mesh":9},{"matrix":[0.976404780239668,0,-0.21594838532650726,0,0,1,0,0,0.21594838532650726,0,0.976404780239668,0,0.38069440463187054,0.025,-0.31401885212241387,1],"mesh":10},{"matrix":[0.9998029993476151,0,-0.019848488494411013,0,0,1,0,0,0.019848488494411013,0,0.9998029993476151,0,0.022922081639965924,0.025,-0.049171070874211846,1],"mesh":11},{"matrix":[0.9276470039246337,0,-0.37345821199921503,0,0,1,0,0,0.37345821199921503,0,0.9276470039246337,0,0.3092695942422282,0.025,0.22302795706641304,1],"mesh":12},{"matrix":[0.8823259982935551,0,-0.4706387497171067,0,0,1,0,0,0.4706387497171067,0,0.8823259982935551,0,0.2610897955269073,0.025,-0.053491771563234446,1],"mesh":13},{"matrix":[0.9708451202913536,0,-0.23970763944118892,0,0,1,0,0,0.23970763944118892,0,0.9708451202913536,0,0.373500730366517,0.025,0.11797911715696843,1],"mesh":14},{"matrix":[0.9249486848967664,0,-0.3800920024253895,0,0,1,0,0,0.3800920024253895,0,0.9249486848967664,0,0.09983386318144433,0.025,-0.12588225330009695,1],"mesh":15},{"matrix":[0.9791888254640939,0,-0.20295133428053208,0,0,1,0,0,0.20295133428053208,0,0.9791888254640939,0,-0.36076855653037293,0.025,0.03892166531803952,1],"mesh":16},{"matrix":[0.8844747596568432,0,-0.4665880404917912,0,0,1,0,0,0.4665880404917912,0,0.8844747596568432,0,0.45272692140116544,0.025,0.20804155491379156,1],"mesh":17},{"matrix":[0.920894316687807,0,-0.38981233624924855,0,0,1,0,0,0.38981233624924855,0,0.920894316687807,0,0.08885861541611025,0.025,0.2667804883455171,1],"mesh":18},{"matrix":[0.9263052447672437,0,-0.37677392892382655,0,0,1,0,0,0.37677392892382655,0,0.9263052447672437,0,-0.011257302984886485,0.025,-0.008917827636031106,1],"mesh":19},{"matrix":[0.9553414861959317,0,-0.29550405200766444,0,0,1,0,0,0.29550405200766444,0,0.9553414861959317,0,0.1934820614234576,0.025,-0.050975166434388305,1],"mesh":20},{"matrix":[0.9972220705196482,0,-0.07448585146526764,0,0,1,0,0,0.07448585146526764,0,0.9972220705196482,0,0.01054877971105757,0.025,0.0047074563646444965,1],"mesh":21},{"matrix":[0.9755892819476348,0,-0.2196031715365203,0,0,1,0,0,0.2196031715365203,0,0.9755892819476348,0,0.3367157445438743,0.025,0.06377583337229668,1],"mesh":22},{"matrix":[0.9873230824070883,0,-0.15872344170337907,0,0,1,0,0,0.15872344170337907,0,0.9873230824070883,0,-0.053208337649419984,0.025,-0.23095414691579016,1],"mesh":23},{"matrix":[0.8937440772522229,0,-0.4485772223113568,0,0,1,0,0,0.4485772223113568,0,0.8937440772522229,0,-0.1343216897529617,0.025,0.054268830480539904,1],"mesh":24},{"matrix":[0.9934191930989315,0,-0.11453517705346182,0,0,1,0,0,0.11453517705346182,0,0.9934191930989315,0,0.20599854081255278,0.025,-0.06587269564540753,1],"mesh":25},{"matrix":[0.9489846398400134,0,-0.3153223007459513,0,0,1,0,0,0.3153223007459513,0,0.9489846398400134,0,-0.14459792493818024,0.025,-0.17898863312446156,1],"mesh":26},{"matrix":[0.99899987082498,0,-0.04471306399334757,0,0,1,0,0,0.04471306399334757,0,0.99899987082498,0,0.13100681107880022,0.025,-0.3712000203519652,1],"mesh":27},{"matrix":[0.9992300224346424,0,-0.0392347074063754,0,0,1,0,0,0.0392347074063754,0,0.9992300224346424,0,-0.3736881628860219,0.025,-0.029771521861747592,1],"mesh":28},{"matrix":[0.9146378429384332,0,-0.4042741845145815,0,0,1,0,0,0.4042741845145815,0,0.9146378429384332,0,0.4393704519884012,0.025,-0.10945689024078127,1],"mesh":29},{"matrix":[0.9903582317696406,0,-0.1385300428286622,0,0,1,0,0,0.1385300428286622,0,0.9903582317696406,0,0.29802798092204186,0.025,0.29786548510551564,1],"mesh":30},{"matrix":[0.8775825618903728,0.479425538604203,-8.326672684688674e-17,0,0,2.220446049250313e-16,0.9999999999999999,0,0.479425538604203,-0.8775825618903726,2.220446049250313e-16,0,0,0.06,0,1],"mesh":31},{"matrix":[0.8775825618903728,0.479425538604203,-8.326672684688674e-17,0,0,2.220446049250313e-16,0.9999999999999999,0,0.479425538604203,-0.8775825618903726,2.220446049250313e-16,0,0,0.075,0,1],"mesh":32},{"matrix":[0.8775825618903728,0.479425538604203,-8.326672684688674e-17,0,0,2.220446049250313e-16,0.9999999999999999,0,0.479425538604203,-0.8775825618903726,2.220446049250313e-16,0,0,0.08,0,1],"mesh":33},{"matrix":[-0.666276021279824,1.1102230246251565e-16,0.7457052121767203,0,-0.7457052121767203,0,-0.6662760212798239,0,0,-0.9999999999999999,2.220446049250313e-16,0,-0.08,0.06,0.15,1],"mesh":34},{"matrix":[1,0,0,0,0,1,0,0,0,0,1,0,0.08,0.085,0.02,1],"mesh":35},{"matrix":[1,0,0,0,0,2.220446049250313e-16,1,0,0,-1,2.220446049250313e-16,0,0.08,0.093,0.02,1],"mesh":36},{"matrix":[1,0,0,0,0,1,0,0,0,0,1,0,-0.02,0.085,0.06,1],"mesh":37},{"matrix":[1,0,0,0,0,2.220446049250313e-16,1,0,0,-1,2.220446049250313e-16,0,-0.02,0.093,0.06,1],"mesh":38},{"matrix":[1,0,0,0,0,1,0,0,0,0,1,0,0.05,0.085,-0.05,1],"mesh":39},{"matrix":[1,0,0,0,0,2.220446049250313e-16,1,0,0,-1,2.220446049250313e-16,0,0.05,0.093,-0.05,1],"mesh":40},{"matrix":[1,0,0,0,0,1,0,0,0,0,1,0,-0.06,0.085,-0.02,1],"mesh":41},{"matrix":[1,0,0,0,0,2.220446049250313e-16,1,0,0,-1,2.220446049250313e-16,0,-0.06,0.093,-0.02,1],"mesh":42},{"matrix":[1,0,0,0,0,1,0,0,0,0,1,0,0.12,0.085,0.06,1],"mesh":43},{"matrix":[1,0,0,0,0,2.220446049250313e-16,1,0,0,-1,2.220446049250313e-16,0,0.12,0.093,0.06,1],"mesh":44},{"matrix":[1,0,0,0,0,1,0,0,0,0,1,0,0.02,0.085,0.1,1],"mesh":45},{"matrix":[1,0,0,0,0,2.220446049250313e-16,1,0,0,-1,2.220446049250313e-16,0,0.02,0.093,0.1,1],"mesh":46},{"matrix":[0.9362933635841992,0.1982820678523995,-0.2898947375796307,0,-0.2896294776255156,0.9027862393524789,-0.3179493225754375,0,0.19866933079506122,0.3816559020950483,0.9027010963754599,0,0.06,0.1,0.12,1],"mesh":47},{"matrix":[0.9800665778412416,-0.17434874028817574,-0.0952471509205588,0,0.1986693307950612,0.8600893382050472,0.4698689469495153,0,0,-0.479425538604203,0.8775825618903726,0,-0.02,0.1,-0.1,1],"mesh":48},{"matrix":[1,0,0,0,0,1,0,0,0,0,1,0,0.02,0.035,0.02,1],"mesh":49},{"matrix":[1.5,0,0,0,0,0.9,0,0,0,0,1,0,0.06,0.1,0.22,1],"mesh":50},{"matrix":[1.2,0,0,0,0,1,0,0,0,0,1,0,0.08,0.08,0.28,1],"mesh":51},{"matrix":[1,0,0,0,0,0.9,0,0,0,0,1.2,0,0.05,0.12,0.13,1],"mesh":52},{"matrix":[1,0,0,0,0,2.220446049250313e-16,1,0,0,-1,2.220446049250313e-16,0,0.04,0.11,0.08,1],"mesh":53},{"matrix":[1,0,0,0,0,1,0,0,0,0,1,0,0.04,0.11,0.055,1],"mesh":54},{"matrix":[1,0,0,0,0,1,0,0,0,0,1,0,0.035,0.135,0.12,1],"mesh":55},{"matrix":[1,0,0,0,0,1,0,0,0,0,1,0,0.06,0.135,0.12,1],"mesh":56},{"matrix":[0.5,0,0,0,0,1,0,0,0,0,0.8,0,0.025,0.15,0.15,1],"mesh":57},{"matrix":[0.5,0,0,0,0,1,0,0,0,0,0.8,0,0.07,0.15,0.15,1],"mesh":58},{"matrix":[0.4,0,0,0,0,0.8,0,0,0,0,0.3,0,0.025,0.15,0.155,1],"mesh":59},{"matrix":[0.4,0,0,0,0,0.8,0,0,0,0,0.3,0,0.07,0.15,0.155,1],"mesh":60},{"matrix":[0.8775825618903728,0.479425538604203,0,0,-0.479425538604203,0.8775825618903728,0,0,0,0,1,0,0.02,0.11,0.07,1],"mesh":61},{"matrix":[0.8775825618903728,-0.479425538604203,0,0,0.479425538604203,0.8775825618903728,0,0,0,0,1,0,0.065,0.11,0.07,1],"mesh":62},{"matrix":[0.7648421872844884,0.644217687237691,0,0,-0.644217687237691,0.7648421872844884,0,0,0,0,1,0,0.02,0.118,0.07,1],"mesh":63},{"matrix":[0.7648421872844884,-0.644217687237691,0,0,0.644217687237691,0.7648421872844884,0,0,0,0,1,0,0.065,0.118,0.07,1],"mesh":64},{"matrix":[0.6216099682706644,0.7833269096274834,0,0,-0.7833269096274834,0.6216099682706644,0,0,0,0,1,0,0.02,0.126,0.07,1],"mesh":65},{"matrix":[0.6216099682706644,-0.7833269096274834,0,0,0.7833269096274834,0.6216099682706644,0,0,0,0,1,0,0.065,0.126,0.07,1],"mesh":66},{"matrix":[0.955336489125606,0.2439033514830719,0.16686326042747074,0,-0.29552020666133955,0.7884732286981353,0.5394235581444113,0,-1.3877787807814457e-17,-0.5646424733950353,0.8253356149096783,0,0.02,0.09,0.12,1],"mesh":67},{"matrix":[0.955336489125606,-0.2439033514830719,-0.16686326042747074,0,0.29552020666133955,0.7884732286981353,0.5394235581444113,0,1.3877787807814457e-17,-0.5646424733950353,0.8253356149096783,0,0.07,0.09,0.12,1],"mesh":68},{"matrix":[1.2,0,0,0,0,0.6,0,0,0,0,1.3,0,0.01,0.085,0.09,1],"mesh":69},{"matrix":[1,0,0,0,0,1,0,0,0,0,1,0,0,0.082,0.075,1],"mesh":70},{"matrix":[1,0,0,0,0,1,0,0,0,0,1,0,0.007,0.082,0.075,1],"mesh":71},{"matrix":[1,0,0,0,0,1,0,0,0,0,1,0,0.014,0.082,0.075,1],"mesh":72},{"matrix":[1,0,0,0,0,1,0,0,0,0,1,0,0.021,0.082,0.075,1],"mesh":73},{"matrix":[1.2,0,0,0,0,0.6,0,0,0,0,1.3,0,0.08,0.085,0.09,1],"mesh":74},{"matrix":[1,0,0,0,0,1,0,0,0,0,1,0,0.07,0.082,0.075,1],"mesh":75},{"matrix":[1,0,0,0,0,1,0,0,0,0,1,0,0.07700000000000001,0.082,0.075,1],"mesh":76},{"matrix":[1,0,0,0,0,1,0,0,0,0,1,0,0.084,0.082,0.075,1],"mesh":77},{"matrix":[1,0,0,0,0,1,0,0,0,0,1,0,0.09100000000000001,0.082,0.075,1],"mesh":78},{"matrix":[1,0,0,0,0,0.9800665778412416,0.19866933079506124,0,0,-0.19866933079506124,0.9800665778412416,0,0.04,0.06,0.3,1],"mesh":79},{"matrix":[1,0,0,0,0,0.9800665778412416,0.19866933079506124,0,0,-0.19866933079506124,0.9800665778412416,0,0.12,0.06,0.3,1],"mesh":80},{"matrix":[0.9210609940028851,0.38165590209504835,-0.07736548146578168,0,-0.3894183423086505,0.9027010963754599,-0.18298657129998708,0,0,0.19866933079506122,0.9800665778412416,0,0.08,0.08,0.32,1],"mesh":81},{"matrix":[0.8775825618903728,0.473677960288603,-0.07401376225242678,0,-0.479425538604203,0.8670616903540862,-0.13548128304081175,0,0,0.15438009929114344,0.9880115307742399,0,0.10500000000000001,0.08298876264947198,0.34,1],"mesh":82},{"matrix":[0.8253356149096782,0.5612298295963474,-0.06198549130980668,0,-0.5646424733950355,0.8203473673003148,-0.09060394142518932,0,6.938893903907228e-18,0.10977830083717482,0.9939560979566968,0,0.13,0.08591040413322679,0.36,1],"mesh":83},{"matrix":[0.7648421872844884,0.6428572564596071,-0.04184466951842829,0,-0.644217687237691,0.7632270269550345,-0.04967974210379421,0,0,0.06495423883478263,0.9978882436713011,0,0.15500000000000003,0.0886993106822246,0.38,1],"mesh":84},{"matrix":[0.6967067093471655,0.717212624463653,-0.014346165362331915,0,-0.7173560908995227,0.6965673726499455,-0.013933205263242859,0,8.673617379884035e-19,0.019998666693333094,0.9998000066665778,0,0.18,0.09129284946790071,0.4,1],"mesh":85},{"matrix":[0.6216099682706644,0.7830821327174207,0.019581132890606263,0,-0.7833269096274835,0.6214157252727188,0.015538630481393548,0,-1.734723475976807e-18,-0.024997395914712298,0.9996875162757026,0,0.20500000000000002,0.09363277520046669,0.42000000000000004,1],"mesh":86},{"matrix":[0.5403023058681397,0.8394102225792295,0.05885487662938202,0,-0.8414709848078965,0.5389791056579161,0.037790281695452205,0,0,-0.06994284733753273,0.9975510002532796,0,0.23000000000000004,0.09566653819254967,0.44,1],"mesh":87},{"matrix":[0.45359612142557715,0.8853207432274713,0.10226309323910926,0,-0.8912073600614355,0.4506000212093261,0.052048652801795194,0,6.938893903907228e-18,-0.11474668839366381,0.9933947843142158,0,0.255,0.09734846451188034,0.46,1],"mesh":88},{"matrix":[1.4,0,0,0,0,0.85,0,0,0,0,1,0,-0.04,0.09,-0.18,1],"mesh":89},{"matrix":[1,0,0,0,0,0.9,0,0,0,0,1.15,0,-0.02,0.1,-0.1,1],"mesh":90},{"matrix":[1,0,0,0,0,2.220446049250313e-16,1,0,0,-1,2.220446049250313e-16,0,-0.01,0.095,-0.06,1],"mesh":91},{"matrix":[1,0,0,0,0,1,0,0,0,0,1,0,-0.01,0.095,-0.035,1],"mesh":92},{"matrix":[1,0,0,0,0,1,0,0,0,0,1,0,-0.04,0.115,-0.09,1],"mesh":93},{"matrix":[1,0,0,0,0,1,0,0,0,0,1,0,0,0.115,-0.09,1],"mesh":94},{"matrix":[0.5,0,0,0,0,1,0,0,0,0,0.8,0,-0.045,0.13,-0.11,1],"mesh":95},{"matrix":[0.5,0,0,0,0,1,0,0,0,0,0.8,0,0.01,0.13,-0.11,1],"mesh":96},{"matrix":[1,0,0,0,0,0.6967067093471654,-0.7173560908995228,0,0,0.7173560908995228,0.6967067093471654,0,-0.01,0.08,-0.06,1],"mesh":97},{"matrix":[1.2,0,0,0,0,0.5,0,0,0,0,1.3,0,-0.01,0.085,-0.03,1],"mesh":98},{"matrix":[1,0,0,0,0,1,0,0,0,0,1,0,-0.06,0.07,-0.24,1],"mesh":99},{"matrix":[0.955336489125606,-0.28232123669751763,-0.08733219254516084,0,0.2955202066613395,0.9126678074548391,0.28232123669751763,0,0,-0.2955202066613395,0.955336489125606,0,-0.08,0.065,-0.27,1],"mesh":100},{"matrix":[0.9210609940028851,-0.37202555194225956,-0.11508098899676866,0,0.3894183423086504,0.8799231762812572,0.2721921352954314,0,6.938893903907228e-18,-0.2955202066613395,0.955336489125606,0,-0.095,0.075,-0.29000000000000004,1],"mesh":101},{"matrix":[0.8775825618903728,-0.4580127108472919,-0.1416799342470381,0,0.4794255386042029,0.8383866435942036,0.2593433800522307,0,0,-0.2955202066613395,0.955336489125606,0,-0.11,0.085,-0.31,1],"mesh":102},{"matrix":[0.8253356149096782,-0.5394235581444115,-0.1668632604274708,0,0.5646424733950354,0.7884732286981353,0.24390335148307188,0,1.3877787807814457e-17,-0.29552020666133955,0.955336489125606,0,-0.125,0.095,-0.33,1],"mesh":103},{"matrix":[0.7648421872844884,-0.6154446635582734,-0.19037934406737267,0,0.6442176872376909,0.7306816499355124,0.226026321249623,0,-2.7755575615628914e-17,-0.29552020666133955,0.955336489125606,0,-0.14,0.10500000000000001,-0.35000000000000003,1],"mesh":104},{"matrix":[0.6967067093471655,-0.6853164493328191,-0.21199322023239767,0,0.7173560908995228,0.665589341657975,0.2058909107286162,0,0,-0.2955202066613396,0.955336489125606,0,-0.155,0.115,-0.37,1],"mesh":105},{"matrix":[1.3,0,0,0,0,0.8,0,0,0,0,0.9,0,0.3,0.07,0.04,1],"mesh":106},{"matrix":[1,0,0,0,0,0.9,0,0,0,0,1.1,0,0.24,0.08,0.03,1],"mesh":107},{"matrix":[2.220446049250313e-16,1,0,0,-1,2.220446049250313e-16,0,0,0,0,1,0,0.2,0.075,0.025,1],"mesh":108},{"matrix":[1,0,0,0,0,1,0,0,0,0,1,0,0.178,0.075,0.025,1],"mesh":109},{"matrix":[1,0,0,0,0,1,0,0,0,0,1,0,0.22,0.092,0.04,1],"mesh":110},{"matrix":[0.5,0,0,0,0,1,0,0,0,0,0.8,0,0.25,0.1,0.035,1],"mesh":111},{"matrix":[1,0,0,0,0,0.955336489125606,0.29552020666133955,0,0,-0.29552020666133955,0.955336489125606,0,0.23,0.055,0.02,1],"mesh":112},{"matrix":[0.8775825618903728,0.479425538604203,0,0,-0.479425538604203,0.8775825618903728,0,0,0,0,1,0,0.34,0.07,0.05,1],"mesh":113},{"matrix":[0.8525245220595057,0.5226872289306592,0,0,-0.5226872289306592,0.8525245220595057,0,0,0,0,1,0,0.36000000000000004,0.07800000000000001,0.05,1],"mesh":114},{"matrix":[0.8253356149096783,0.5646424733950353,0,0,-0.5646424733950353,0.8253356149096783,0,0,0,0,1,0,0.38,0.08600000000000001,0.05,1],"mesh":115},{"matrix":[0.7960837985490559,0.6051864057360395,0,0,-0.6051864057360395,0.7960837985490559,0,0,0,0,1,0,0.4,0.094,0.05,1],"mesh":116},{"matrix":[0.7648421872844884,0.644217687237691,0,0,-0.644217687237691,0.7648421872844884,0,0,0,0,1,0,0.42000000000000004,0.10200000000000001,0.05,1],"mesh":117},{"matrix":[1,0,0,0,0,1,0,0,0,0,1,0,0.21553228882788625,0.04,-0.2564928937181156,1],"mesh":118},{"matrix":[1,0,0,0,0,1,0,0,0,0,1,0,0.13567213752676868,0.04,-0.2160785481381525,1],"mesh":119},{"matrix":[1,0,0,0,0,1,0,0,0,0,1,0,-0.0528628637586112,0.04,-0.19925589785020087,1],"mesh":120},{"matrix":[1,0,0,0,0,1,0,0,0,0,1,0,0.2720221306226093,0.04,0.15450481307527292,1],"mesh":121},{"matrix":[1,0,0,0,0,1,0,0,0,0,1,0,0.3183416378957711,0.04,0.008531375619152206,1],"mesh":122},{"matrix":[1,0,0,0,0,1,0,0,0,0,1,0,0.21675888301021998,0.04,0.0723727949442209,1],"mesh":123},{"matrix":[1,0,0,0,0,1,0,0,0,0,1,0,0.022256762056250563,0.04,-0.2701623642629268,1],"mesh":124},{"matrix":[1,0,0,0,0,1,0,0,0,0,1,0,0.28055871653040765,0.04,0.02574022831998983,1],"mesh":125},{"matrix":[1,0,0,0,0,1,0,0,0,0,1,0,0.07947772845961762,0.04,-0.2358551334571192,1],"mesh":126},{"matrix":[1,0,0,0,0,1,0,0,0,0,1,0,-0.18090327238091797,0.04,0.1070446982866715,1],"mesh":127},{"matrix":[1,0,0,0,0,1,0,0,0,0,1,0,-0.19723338661031917,0.04,-0.07626142581751698,1],"mesh":128},{"matrix":[1,0,0,0,0,1,0,0,0,0,1,0,0.20962434033406344,0.04,0.18684406260148742,1],"mesh":129},{"matrix":[1,0,0,0,0,0.6967067093471654,0.7173560908995228,0,0,-0.7173560908995228,0.6967067093471654,0,-0.25,0.04,0.15,1],"mesh":130},{"children":[0,1,2,3,4,5,6,7,8,9,10,11,12,13,14,15,16,17,18,19,20,21,22,23,24,25,26,27,28,29,30,31,32,33,34,35,36,37,38,39,40,41,42,43,44,45,46,47,48,49,50,51,52,53,54,55,56,57,58,59,60,61,62,63,64,65,66,67,68,69,70,71,72,73,74,75,76,77,78,79,80,81,82,83,84,85,86,87,88,89,90,91,92,93,94,95,96,97,98,99,100,101,102,103,104,105,106,107,108,109,110,111,112,113,114,115,116,117,118,119,120,121,122,123,124,125,126,127,128,129,130]}],"bufferViews":[{"buffer":0,"byteOffset":0,"byteLength":1776,"target":34962,"byteStride":12},{"buffer":0,"byteOffset":1776,"byteLength":1776,"target":34962,"byteStride":12},{"buffer":0,"byteOffset":3552,"byteLength":1184,"target":34962,"byteStride":8},{"buffer":0,"byteOffset":4736,"byteLength":576,"target":34963},{"buffer":0,"byteOffset":5312,"byteLength":288,"target":34962,"byteStride":12},{"buffer":0,"byteOffset":5600,"byteLength":288,"target":34962,"byteStride":12},{"buffer":0,"byteOffset":5888,"byteLength":192,"target":34962,"byteStride":8},{"buffer":0,"byteOffset":6080,"byteLength":72,"target":34963},{"buffer":0,"byteOffset":6152,"byteLength":288,"target":34962,"byteStride":12},{"buffer":0,"byteOffset":6440,"byteLength":288,"target":34962,"byteStride":12},{"buffer":0,"byteOffset":6728,"byteLength":192,"target":34962,"byteStride":8},{"buffer":0,"byteOffset":6920,"byteLength":72,"target":34963},{"buffer":0,"byteOffset":6992,"byteLength":288,"target":34962,"byteStride":12},{"buffer":0,"byteOffset":7280,"byteLength":288,"target":34962,"byteStride":12},{"buffer":0,"byteOffset":7568,"byteLength":192,"target":34962,"byteStride":8},{"buffer":0,"byteOffset":7760,"byteLength":72,"target":34963},{"buffer":0,"byteOffset":7832,"byteLength":288,"target":34962,"byteStride":12},{"buffer":0,"byteOffset":8120,"byteLength":288,"target":34962,"byteStride":12},{"buffer":0,"byteOffset":8408,"byteLength":192,"target":34962,"byteStride":8},{"buffer":0,"byteOffset":8600,"byteLength":72,"target":34963},{"buffer":0,"byteOffset":8672,"byteLength":288,"target":34962,"byteStride":12},{"buffer":0,"byteOffset":8960,"byteLength":288,"target":34962,"byteStride":12},{"buffer":0,"byteOffset":9248,"byteLength":192,"target":34962,"byteStride":8},{"buffer":0,"byteOffset":9440,"byteLength":72,"target":34963},{"buffer":0,"byteOffset":9512,"byteLength":288,"target":34962,"byteStride":12},{"buffer":0,"byteOffset":9800,"byteLength":288,"target":34962,"byteStride":12},{"buffer":0,"byteOffset":10088,"byteLength":192,"target":34962,"byteStride":8},{"buffer":0,"byteOffset":10280,"byteLength":72,"target":34963},{"buffer":0,"byteOffset":10352,"byteLength":288,"target":34962,"byteStride":12},{"buffer":0,"byteOffset":10640,"byteLength":288,"target":34962,"byteStride":12},{"buffer":0,"byteOffset":10928,"byteLength":192,"target":34962,"byteStride":8},{"buffer":0,"byteOffset":11120,"byteLength":72,"target":34963},{"buffer":0,"byteOffset":11192,"byteLength":288,"target":34962,"byteStride":12},{"buffer":0,"byteOffset":11480,"byteLength":288,"target":34962,"byteStride":12},{"buffer":0,"byteOffset":11768,"byteLength":192,"target":34962,"byteStride":8},{"buffer":0,"byteOffset":11960,"byteLength":72,"target":34963},{"buffer":0,"byteOffset":12032,"byteLength":288,"target":34962,"byteStride":12},{"buffer":0,"byteOffset":12320,"byteLength":288,"target":34962,"byteStride":12},{"buffer":0,"byteOffset":12608,"byteLength":192,"target":34962,"byteStride":8},{"buffer":0,"byteOffset":12800,"byteLength":72,"target":34963},{"buffer":0,"byteOffset":12872,"byteLength":288,"target":34962,"byteStride":12},{"buffer":0,"byteOffset":13160,"byteLength":288,"target":34962,"byteStride":12},{"buffer":0,"byteOffset":13448,"byteLength":192,"target":34962,"byteStride":8},{"buffer":0,"byteOffset":13640,"byteLength":72,"target":34963},{"buffer":0,"byteOffset":13712,"byteLength":288,"target":34962,"byteStride":12},{"buffer":0,"byteOffset":14000,"byteLength":288,"target":34962,"byteStride":12},{"buffer":0,"byteOffset":14288,"byteLength":192,"target":34962,"byteStride":8},{"buffer":0,"byteOffset":14480,"byteLength":72,"target":34963},{"buffer":0,"byteOffset":14552,"byteLength":288,"target":34962,"byteStride":12},{"buffer":0,"byteOffset":14840,"byteLength":288,"target":34962,"byteStride":12},{"buffer":0,"byteOffset":15128,"byteLength":192,"target":34962,"byteStride":8},{"buffer":0,"byteOffset":15320,"byteLength":72,"target":34963},{"buffer":0,"byteOffset":15392,"byteLength":288,"target":34962,"byteStride":12},{"buffer":0,"byteOffset":15680,"byteLength":288,"target":34962,"byteStride":12},{"buffer":0,"byteOffset":15968,"byteLength":192,"target":34962,"byteStride":8},{"buffer":0,"byteOffset":16160,"byteLength":72,"target":34963},{"buffer":0,"byteOffset":16232,"byteLength":288,"target":34962,"byteStride":12},{"buffer":0,"byteOffset":16520,"byteLength":288,"target":34962,"byteStride":12},{"buffer":0,"byteOffset":16808,"byteLength":192,"target":34962,"byteStride":8},{"buffer":0,"byteOffset":17000,"byteLength":72,"target":34963},{"buffer":0,"byteOffset":17072,"byteLength":288,"target":34962,"byteStride":12},{"buffer":0,"byteOffset":17360,"byteLength":288,"target":34962,"byteStride":12},{"buffer":0,"byteOffset":17648,"byteLength":192,"target":34962,"byteStride":8},{"buffer":0,"byteOffset":17840,"byteLength":72,"target":34963},{"buffer":0,"byteOffset":17912,"byteLength":288,"target":34962,"byteStride":12},{"buffer":0,"byteOffset":18200,"byteLength":288,"target":34962,"byteStride":12},{"buffer":0,"byteOffset":18488,"byteLength":192,"target":34962,"byteStride":8},{"buffer":0,"byteOffset":18680,"byteLength":72,"target":34963},{"buffer":0,"byteOffset":18752,"byteLength":288,"target":34962,"byteStride":12},{"buffer":0,"byteOffset":19040,"byteLength":288,"target":34962,"byteStride":12},{"buffer":0,"byteOffset":19328,"byteLength":192,"target":34962,"byteStride":8},{"buffer":0,"byteOffset":19520,"byteLength":72,"target":34963},{"buffer":0,"byteOffset":19592,"byteLength":288,"target":34962,"byteStride":12},{"buffer":0,"byteOffset":19880,"byteLength":288,"target":34962,"byteStride":12},{"buffer":0,"byteOffset":20168,"byteLength":192,"target":34962,"byteStride":8},{"buffer":0,"byteOffset":20360,"byteLength":72,"target":34963},{"buffer":0,"byteOffset":20432,"byteLength":288,"target":34962,"byteStride":12},{"buffer":0,"byteOffset":20720,"byteLength":288,"target":34962,"byteStride":12},{"buffer":0,"byteOffset":21008,"byteLength":192,"target":34962,"byteStride":8},{"buffer":0,"byteOffset":21200,"byteLength":72,"target":34963},{"buffer":0,"byteOffset":21272,"byteLength":288,"target":34962,"byteStride":12},{"buffer":0,"byteOffset":21560,"byteLength":288,"target":34962,"byteStride":12},{"buffer":0,"byteOffset":21848,"byteLength":192,"target":34962,"byteStride":8},{"buffer":0,"byteOffset":22040,"byteLength":72,"target":34963},{"buffer":0,"byteOffset":22112,"byteLength":288,"target":34962,"byteStride":12},{"buffer":0,"byteOffset":22400,"byteLength":288,"target":34962,"byteStride":12},{"buffer":0,"byteOffset":22688,"byteLength":192,"target":34962,"byteStride":8},{"buffer":0,"byteOffset":22880,"byteLength":72,"target":34963},{"buffer":0,"byteOffset":22952,"byteLength":288,"target":34962,"byteStride":12},{"buffer":0,"byteOffset":23240,"byteLength":288,"target":34962,"byteStride":12},{"buffer":0,"byteOffset":23528,"byteLength":192,"target":34962,"byteStride":8},{"buffer":0,"byteOffset":23720,"byteLength":72,"target":34963},{"buffer":0,"byteOffset":23792,"byteLength":288,"target":34962,"byteStride":12},{"buffer":0,"byteOffset":24080,"byteLength":288,"target":34962,"byteStride":12},{"buffer":0,"byteOffset":24368,"byteLength":192,"target":34962,"byteStride":8},{"buffer":0,"byteOffset":24560,"byteLength":72,"target":34963},{"buffer":0,"byteOffset":24632,"byteLength":288,"target":34962,"byteStride":12},{"buffer":0,"byteOffset":24920,"byteLength":288,"target":34962,"byteStride":12},{"buffer":0,"byteOffset":25208,"byteLength":192,"target":34962,"byteStride":8},{"buffer":0,"byteOffset":25400,"byteLength":72,"target":34963},{"buffer":0,"byteOffset":25472,"byteLength":288,"target":34962,"byteStride":12},{"buffer":0,"byteOffset":25760,"byteLength":288,"target":34962,"byteStride":12},{"buffer":0,"byteOffset":26048,"byteLength":192,"target":34962,"byteStride":8},{"buffer":0,"byteOffset":26240,"byteLength":72,"target":34963},{"buffer":0,"byteOffset":26312,"byteLength":288,"target":34962,"byteStride":12},{"buffer":0,"byteOffset":26600,"byteLength":288,"target":34962,"byteStride":12},{"buffer":0,"byteOffset":26888,"byteLength":192,"target":34962,"byteStride":8},{"buffer":0,"byteOffset":27080,"byteLength":72,"target":34963},{"buffer":0,"byteOffset":27152,"byteLength":288,"target":34962,"byteStride":12},{"buffer":0,"byteOffset":27440,"byteLength":288,"target":34962,"byteStride":12},{"buffer":0,"byteOffset":27728,"byteLength":192,"target":34962,"byteStride":8},{"buffer":0,"byteOffset":27920,"byteLength":72,"target":34963},{"buffer":0,"byteOffset":27992,"byteLength":288,"target":34962,"byteStride":12},{"buffer":0,"byteOffset":28280,"byteLength":288,"target":34962,"byteStride":12},{"buffer":0,"byteOffset":28568,"byteLength":192,"target":34962,"byteStride":8},{"buffer":0,"byteOffset":28760,"byteLength":72,"target":34963},{"buffer":0,"byteOffset":28832,"byteLength":288,"target":34962,"byteStride":12},{"buffer":0,"byteOffset":29120,"byteLength":288,"target":34962,"byteStride":12},{"buffer":0,"byteOffset":29408,"byteLength":192,"target":34962,"byteStride":8},{"buffer":0,"byteOffset":29600,"byteLength":72,"target":34963},{"buffer":0,"byteOffset":29672,"byteLength":288,"target":34962,"byteStride":12},{"buffer":0,"byteOffset":29960,"byteLength":288,"target":34962,"byteStride":12},{"buffer":0,"byteOffset":30248,"byteLength":192,"target":34962,"byteStride":8},{"buffer":0,"byteOffset":30440,"byteLength":72,"target":34963},{"buffer":0,"byteOffset":30512,"byteLength":264,"target":34962,"byteStride":12},{"buffer":0,"byteOffset":30776,"byteLength":264,"target":34962,"byteStride":12},{"buffer":0,"byteOffset":31040,"byteLength":176,"target":34962,"byteStride":8},{"buffer":0,"byteOffset":31216,"byteLength":72,"target":34963},{"buffer":0,"byteOffset":31288,"byteLength":264,"target":34962,"byteStride":12},{"buffer":0,"byteOffset":31552,"byteLength":264,"target":34962,"byteStride":12},{"buffer":0,"byteOffset":31816,"byteLength":176,"target":34962,"byteStride":8},{"buffer":0,"byteOffset":31992,"byteLength":72,"target":34963},{"buffer":0,"byteOffset":32064,"byteLength":264,"target":34962,"byteStride":12},{"buffer":0,"byteOffset":32328,"byteLength":264,"target":34962,"byteStride":12},{"buffer":0,"byteOffset":32592,"byteLength":176,"target":34962,"byteStride":8},{"buffer":0,"byteOffset":32768,"byteLength":72,"target":34963},{"buffer":0,"byteOffset":32840,"byteLength":972,"target":34962,"byteStride":12},{"buffer":0,"byteOffset":33812,"byteLength":972,"target":34962,"byteStride":12},{"buffer":0,"byteOffset":34784,"byteLength":648,"target":34962,"byteStride":8},{"buffer":0,"byteOffset":35432,"byteLength":768,"target":34963},{"buffer":0,"byteOffset":36200,"byteLength":912,"target":34962,"byteStride":12},{"buffer":0,"byteOffset":37112,"byteLength":912,"target":34962,"byteStride":12},{"buffer":0,"byteOffset":38024,"byteLength":608,"target":34962,"byteStride":8},{"buffer":0,"byteOffset":38632,"byteLength":288,"target":34963},{"buffer":0,"byteOffset":38920,"byteLength":1092,"target":34962,"byteStride":12},{"buffer":0,"byteOffset":40012,"byteLength":1092,"target":34962,"byteStride":12},{"buffer":0,"byteOffset":41104,"byteLength":728,"target":34962,"byteStride":8},{"buffer":0,"byteOffset":41832,"byteLength":864,"target":34963},{"buffer":0,"byteOffset":42696,"byteLength":912,"target":34962,"byteStride":12},{"buffer":0,"byteOffset":43608,"byteLength":912,"target":34962,"byteStride":12},{"buffer":0,"byteOffset":44520,"byteLength":608,"target":34962,"byteStride":8},{"buffer":0,"byteOffset":45128,"byteLength":288,"target":34963},{"buffer":0,"byteOffset":45416,"byteLength":1092,"target":34962,"byteStride":12},{"buffer":0,"byteOffset":46508,"byteLength":1092,"target":34962,"byteStride":12},{"buffer":0,"byteOffset":47600,"byteLength":728,"target":34962,"byteStride":8},{"buffer":0,"byteOffset":48328,"byteLength":864,"target":34963},{"buffer":0,"byteOffset":49192,"byteLength":912,"target":34962,"byteStride":12},{"buffer":0,"byteOffset":50104,"byteLength":912,"target":34962,"byteStride":12},{"buffer":0,"byteOffset":51016,"byteLength":608,"target":34962,"byteStride":8},{"buffer":0,"byteOffset":51624,"byteLength":288,"target":34963},{"buffer":0,"byteOffset":51912,"byteLength":1092,"target":34962,"byteStride":12},{"buffer":0,"byteOffset":53004,"byteLength":1092,"target":34962,"byteStride":12},{"buffer":0,"byteOffset":54096,"byteLength":728,"target":34962,"byteStride":8},{"buffer":0,"byteOffset":54824,"byteLength":864,"target":34963},{"buffer":0,"byteOffset":55688,"byteLength":912,"target":34962,"byteStride":12},{"buffer":0,"byteOffset":56600,"byteLength":912,"target":34962,"byteStride":12},{"buffer":0,"byteOffset":57512,"byteLength":608,"target":34962,"byteStride":8},{"buffer":0,"byteOffset":58120,"byteLength":288,"target":34963},{"buffer":0,"byteOffset":58408,"byteLength":1092,"target":34962,"byteStride":12},{"buffer":0,"byteOffset":59500,"byteLength":1092,"target":34962,"byteStride":12},{"buffer":0,"byteOffset":60592,"byteLength":728,"target":34962,"byteStride":8},{"buffer":0,"byteOffset":61320,"byteLength":864,"target":34963},{"buffer":0,"byteOffset":62184,"byteLength":912,"target":34962,"byteStride":12},{"buffer":0,"byteOffset":63096,"byteLength":912,"target":34962,"byteStride":12},{"buffer":0,"byteOffset":64008,"byteLength":608,"target":34962,"byteStride":8},{"buffer":0,"byteOffset":64616,"byteLength":288,"target":34963},{"buffer":0,"byteOffset":64904,"byteLength":1092,"target":34962,"byteStride":12},{"buffer":0,"byteOffset":65996,"byteLength":1092,"target":34962,"byteStride":12},{"buffer":0,"byteOffset":67088,"byteLength":728,"target":34962,"byteStride":8},{"buffer":0,"byteOffset":67816,"byteLength":864,"target":34963},{"buffer":0,"byteOffset":68680,"byteLength":912,"target":34962,"byteStride":12},{"buffer":0,"byteOffset":69592,"byteLength":912,"target":34962,"byteStride":12},{"buffer":0,"byteOffset":70504,"byteLength":608,"target":34962,"byteStride":8},{"buffer":0,"byteOffset":71112,"byteLength":288,"target":34963},{"buffer":0,"byteOffset":71400,"byteLength":1092,"target":34962,"byteStride":12},{"buffer":0,"byteOffset":72492,"byteLength":1092,"target":34962,"byteStride":12},{"buffer":0,"byteOffset":73584,"byteLength":728,"target":34962,"byteStride":8},{"buffer":0,"byteOffset":74312,"byteLength":864,"target":34963},{"buffer":0,"byteOffset":75176,"byteLength":624,"target":34962,"byteStride":12},{"buffer":0,"byteOffset":75800,"byteLength":624,"target":34962,"byteStride":12},{"buffer":0,"byteOffset":76424,"byteLength":416,"target":34962,"byteStride":8},{"buffer":0,"byteOffset":76840,"byteLength":192,"target":34963},{"buffer":0,"byteOffset":77032,"byteLength":624,"target":34962,"byteStride":12},{"buffer":0,"byteOffset":77656,"byteLength":624,"target":34962,"byteStride":12},{"buffer":0,"byteOffset":78280,"byteLength":416,"target":34962,"byteStride":8},{"buffer":0,"byteOffset":78696,"byteLength":192,"target":34963},{"buffer":0,"byteOffset":78888,"byteLength":1200,"target":34962,"byteStride":12},{"buffer":0,"byteOffset":80088,"byteLength":1200,"target":34962,"byteStride":12},{"buffer":0,"byteOffset":81288,"byteLength":800,"target":34962,"byteStride":8},{"buffer":0,"byteOffset":82088,"byteLength":384,"target":34963},{"buffer":0,"byteOffset":82472,"byteLength":2700,"target":34962,"byteStride":12},{"buffer":0,"byteOffset":85172,"byteLength":2700,"target":34962,"byteStride":12},{"buffer":0,"byteOffset":87872,"byteLength":1800,"target":34962,"byteStride":8},{"buffer":0,"byteOffset":89672,"byteLength":2184,"target":34963},{"buffer":0,"byteOffset":91856,"byteLength":2028,"target":34962,"byteStride":12},{"buffer":0,"byteOffset":93884,"byteLength":2028,"target":34962,"byteStride":12},{"buffer":0,"byteOffset":95912,"byteLength":1352,"target":34962,"byteStride":8},{"buffer":0,"byteOffset":97264,"byteLength":1584,"target":34963},{"buffer":0,"byteOffset":98848,"byteLength":2700,"target":34962,"byteStride":12},{"buffer":0,"byteOffset":101548,"byteLength":2700,"target":34962,"byteStride":12},{"buffer":0,"byteOffset":104248,"byteLength":1800,"target":34962,"byteStride":8},{"buffer":0,"byteOffset":106048,"byteLength":2184,"target":34963},{"buffer":0,"byteOffset":108232,"byteLength":516,"target":34962,"byteStride":12},{"buffer":0,"byteOffset":108748,"byteLength":516,"target":34962,"byteStride":12},{"buffer":0,"byteOffset":109264,"byteLength":344,"target":34962,"byteStride":8},{"buffer":0,"byteOffset":109608,"byteLength":180,"target":34963},{"buffer":0,"byteOffset":109788,"byteLength":972,"target":34962,"byteStride":12},{"buffer":0,"byteOffset":110760,"byteLength":972,"target":34962,"byteStride":12},{"buffer":0,"byteOffset":111732,"byteLength":648,"target":34962,"byteStride":8},{"buffer":0,"byteOffset":112380,"byteLength":672,"target":34963},{"buffer":0,"byteOffset":113052,"byteLength":972,"target":34962,"byteStride":12},{"buffer":0,"byteOffset":114024,"byteLength":972,"target":34962,"byteStride":12},{"buffer":0,"byteOffset":114996,"byteLength":648,"target":34962,"byteStride":8},{"buffer":0,"byteOffset":115644,"byteLength":672,"target":34963},{"buffer":0,"byteOffset":116316,"byteLength":972,"target":34962,"byteStride":12},{"buffer":0,"byteOffset":117288,"byteLength":972,"target":34962,"byteStride":12},{"buffer":0,"byteOffset":118260,"byteLength":648,"target":34962,"byteStride":8},{"buffer":0,"byteOffset":118908,"byteLength":672,"target":34963},{"buffer":0,"byteOffset":119580,"byteLength":1452,"target":34962,"byteStride":12},{"buffer":0,"byteOffset":121032,"byteLength":1452,"target":34962,"byteStride":12},{"buffer":0,"byteOffset":122484,"byteLength":968,"target":34962,"byteStride":8},{"buffer":0,"byteOffset":123452,"byteLength":1080,"target":34963},{"buffer":0,"byteOffset":124532,"byteLength":1452,"target":34962,"byteStride":12},{"buffer":0,"byteOffset":125984,"byteLength":1452,"target":34962,"byteStride":12},{"buffer":0,"byteOffset":127436,"byteLength":968,"target":34962,"byteStride":8},{"buffer":0,"byteOffset":128404,"byteLength":1080,"target":34963},{"buffer":0,"byteOffset":129484,"byteLength":972,"target":34962,"byteStride":12},{"buffer":0,"byteOffset":130456,"byteLength":972,"target":34962,"byteStride":12},{"buffer":0,"byteOffset":131428,"byteLength":648,"target":34962,"byteStride":8},{"buffer":0,"byteOffset":132076,"byteLength":672,"target":34963},{"buffer":0,"byteOffset":132748,"byteLength":972,"target":34962,"byteStride":12},{"buffer":0,"byteOffset":133720,"byteLength":972,"target":34962,"byteStride":12},{"buffer":0,"byteOffset":134692,"byteLength":648,"target":34962,"byteStride":8},{"buffer":0,"byteOffset":135340,"byteLength":672,"target":34963},{"buffer":0,"byteOffset":136012,"byteLength":336,"target":34962,"byteStride":12},{"buffer":0,"byteOffset":136348,"byteLength":336,"target":34962,"byteStride":12},{"buffer":0,"byteOffset":136684,"byteLength":224,"target":34962,"byteStride":8},{"buffer":0,"byteOffset":136908,"byteLength":96,"target":34963},{"buffer":0,"byteOffset":137004,"byteLength":336,"target":34962,"byteStride":12},{"buffer":0,"byteOffset":137340,"byteLength":336,"target":34962,"byteStride":12},{"buffer":0,"byteOffset":137676,"byteLength":224,"target":34962,"byteStride":8},{"buffer":0,"byteOffset":137900,"byteLength":96,"target":34963},{"buffer":0,"byteOffset":137996,"byteLength":336,"target":34962,"byteStride":12},{"buffer":0,"byteOffset":138332,"byteLength":336,"target":34962,"byteStride":12},{"buffer":0,"byteOffset":138668,"byteLength":224,"target":34962,"byteStride":8},{"buffer":0,"byteOffset":138892,"byteLength":96,"target":34963},{"buffer":0,"byteOffset":138988,"byteLength":336,"target":34962,"byteStride":12},{"buffer":0,"byteOffset":139324,"byteLength":336,"target":34962,"byteStride":12},{"buffer":0,"byteOffset":139660,"byteLength":224,"target":34962,"byteStride":8},{"buffer":0,"byteOffset":139884,"byteLength":96,"target":34963},{"buffer":0,"byteOffset":139980,"byteLength":336,"target":34962,"byteStride":12},{"buffer":0,"byteOffset":140316,"byteLength":336,"target":34962,"byteStride":12},{"buffer":0,"byteOffset":140652,"byteLength":224,"target":34962,"byteStride":8},{"buffer":0,"byteOffset":140876,"byteLength":96,"target":34963},{"buffer":0,"byteOffset":140972,"byteLength":336,"target":34962,"byteStride":12},{"buffer":0,"byteOffset":141308,"byteLength":336,"target":34962,"byteStride":12},{"buffer":0,"byteOffset":141644,"byteLength":224,"target":34962,"byteStride":8},{"buffer":0,"byteOffset":141868,"byteLength":96,"target":34963},{"buffer":0,"byteOffset":141964,"byteLength":624,"target":34962,"byteStride":12},{"buffer":0,"byteOffset":142588,"byteLength":624,"target":34962,"byteStride":12},{"buffer":0,"byteOffset":143212,"byteLength":416,"target":34962,"byteStride":8},{"buffer":0,"byteOffset":143628,"byteLength":192,"target":34963},{"buffer":0,"byteOffset":143820,"byteLength":624,"target":34962,"byteStride":12},{"buffer":0,"byteOffset":144444,"byteLength":624,"target":34962,"byteStride":12},{"buffer":0,"byteOffset":145068,"byteLength":416,"target":34962,"byteStride":8},{"buffer":0,"byteOffset":145484,"byteLength":192,"target":34963},{"buffer":0,"byteOffset":145676,"byteLength":972,"target":34962,"byteStride":12},{"buffer":0,"byteOffset":146648,"byteLength":972,"target":34962,"byteStride":12},{"buffer":0,"byteOffset":147620,"byteLength":648,"target":34962,"byteStride":8},{"buffer":0,"byteOffset":148268,"byteLength":672,"target":34963},{"buffer":0,"byteOffset":148940,"byteLength":588,"target":34962,"byteStride":12},{"buffer":0,"byteOffset":149528,"byteLength":588,"target":34962,"byteStride":12},{"buffer":0,"byteOffset":150116,"byteLength":392,"target":34962,"byteStride":8},{"buffer":0,"byteOffset":150508,"byteLength":360,"target":34963},{"buffer":0,"byteOffset":150868,"byteLength":588,"target":34962,"byteStride":12},{"buffer":0,"byteOffset":151456,"byteLength":588,"target":34962,"byteStride":12},{"buffer":0,"byteOffset":152044,"byteLength":392,"target":34962,"byteStride":8},{"buffer":0,"byteOffset":152436,"byteLength":360,"target":34963},{"buffer":0,"byteOffset":152796,"byteLength":588,"target":34962,"byteStride":12},{"buffer":0,"byteOffset":153384,"byteLength":588,"target":34962,"byteStride":12},{"buffer":0,"byteOffset":153972,"byteLength":392,"target":34962,"byteStride":8},{"buffer":0,"byteOffset":154364,"byteLength":360,"target":34963},{"buffer":0,"byteOffset":154724,"byteLength":588,"target":34962,"byteStride":12},{"buffer":0,"byteOffset":155312,"byteLength":588,"target":34962,"byteStride":12},{"buffer":0,"byteOffset":155900,"byteLength":392