{"asset":{"version":"2.0","generator":"THREE.GLTFExporter"},"scenes":[{"nodes":[181]}],"scene":0,"nodes":[{"matrix":[1,0,0,0,0,1,0,0,0,0,1,0,0,0.9,-0.18,1],"mesh":0},{"matrix":[1,0,0,0,0,1,0,0,0,0,1,0,-0.32,0.15,-0.12,1],"mesh":1},{"matrix":[1,0,0,0,0,1,0,0,0,0,1,0,-0.15,0.15,-0.12,1],"mesh":2},{"matrix":[1,0,0,0,0,1,0,0,0,0,1,0,0.020000000000000018,0.15,-0.12,1],"mesh":3},{"matrix":[1,0,0,0,0,1,0,0,0,0,1,0,0.19,0.15,-0.12,1],"mesh":4},{"matrix":[1,0,0,0,0,1,0,0,0,0,1,0,0.36000000000000004,0.15,-0.12,1],"mesh":5},{"matrix":[1,0,0,0,0,1,0,0,0,0,1,0,-0.26,0.29000000000000004,-0.12,1],"mesh":6},{"matrix":[1,0,0,0,0,1,0,0,0,0,1,0,-0.09,0.29000000000000004,-0.12,1],"mesh":7},{"matrix":[1,0,0,0,0,1,0,0,0,0,1,0,0.08000000000000002,0.29000000000000004,-0.12,1],"mesh":8},{"matrix":[1,0,0,0,0,1,0,0,0,0,1,0,0.25,0.29000000000000004,-0.12,1],"mesh":9},{"matrix":[1,0,0,0,0,1,0,0,0,0,1,0,0.42000000000000004,0.29000000000000004,-0.12,1],"mesh":10},{"matrix":[1,0,0,0,0,1,0,0,0,0,1,0,-0.32,0.43000000000000005,-0.12,1],"mesh":11},{"matrix":[1,0,0,0,0,1,0,0,0,0,1,0,-0.15,0.43000000000000005,-0.12,1],"mesh":12},{"matrix":[1,0,0,0,0,1,0,0,0,0,1,0,0.020000000000000018,0.43000000000000005,-0.12,1],"mesh":13},{"matrix":[1,0,0,0,0,1,0,0,0,0,1,0,0.19,0.43000000000000005,-0.12,1],"mesh":14},{"matrix":[1,0,0,0,0,1,0,0,0,0,1,0,0.36000000000000004,0.43000000000000005,-0.12,1],"mesh":15},{"matrix":[1,0,0,0,0,1,0,0,0,0,1,0,-0.26,0.5700000000000001,-0.12,1],"mesh":16},{"matrix":[1,0,0,0,0,1,0,0,0,0,1,0,-0.09,0.5700000000000001,-0.12,1],"mesh":17},{"matrix":[1,0,0,0,0,1,0,0,0,0,1,0,0.08000000000000002,0.5700000000000001,-0.12,1],"mesh":18},{"matrix":[1,0,0,0,0,1,0,0,0,0,1,0,0.25,0.5700000000000001,-0.12,1],"mesh":19},{"matrix":[1,0,0,0,0,1,0,0,0,0,1,0,0.42000000000000004,0.5700000000000001,-0.12,1],"mesh":20},{"matrix":[1,0,0,0,0,1,0,0,0,0,1,0,-0.32,0.7100000000000001,-0.12,1],"mesh":21},{"matrix":[1,0,0,0,0,1,0,0,0,0,1,0,-0.15,0.7100000000000001,-0.12,1],"mesh":22},{"matrix":[1,0,0,0,0,1,0,0,0,0,1,0,0.020000000000000018,0.7100000000000001,-0.12,1],"mesh":23},{"matrix":[1,0,0,0,0,1,0,0,0,0,1,0,0.19,0.7100000000000001,-0.12,1],"mesh":24},{"matrix":[1,0,0,0,0,1,0,0,0,0,1,0,0.36000000000000004,0.7100000000000001,-0.12,1],"mesh":25},{"matrix":[1,0,0,0,0,1,0,0,0,0,1,0,-0.26,0.8500000000000001,-0.12,1],"mesh":26},{"matrix":[1,0,0,0,0,1,0,0,0,0,1,0,-0.09,0.8500000000000001,-0.12,1],"mesh":27},{"matrix":[1,0,0,0,0,1,0,0,0,0,1,0,0.08000000000000002,0.8500000000000001,-0.12,1],"mesh":28},{"matrix":[1,0,0,0,0,1,0,0,0,0,1,0,0.25,0.8500000000000001,-0.12,1],"mesh":29},{"matrix":[1,0,0,0,0,1,0,0,0,0,1,0,0.42000000000000004,0.8500000000000001,-0.12,1],"mesh":30},{"matrix":[1,0,0,0,0,1,0,0,0,0,1,0,-0.32,0.9900000000000001,-0.12,1],"mesh":31},{"matrix":[1,0,0,0,0,1,0,0,0,0,1,0,-0.15,0.9900000000000001,-0.12,1],"mesh":32},{"matrix":[1,0,0,0,0,1,0,0,0,0,1,0,0.020000000000000018,0.9900000000000001,-0.12,1],"mesh":33},{"matrix":[1,0,0,0,0,1,0,0,0,0,1,0,0.19,0.9900000000000001,-0.12,1],"mesh":34},{"matrix":[1,0,0,0,0,1,0,0,0,0,1,0,0.36000000000000004,0.9900000000000001,-0.12,1],"mesh":35},{"matrix":[1,0,0,0,0,1,0,0,0,0,1,0,-0.26,1.1300000000000001,-0.12,1],"mesh":36},{"matrix":[1,0,0,0,0,1,0,0,0,0,1,0,-0.09,1.1300000000000001,-0.12,1],"mesh":37},{"matrix":[1,0,0,0,0,1,0,0,0,0,1,0,0.08000000000000002,1.1300000000000001,-0.12,1],"mesh":38},{"matrix":[1,0,0,0,0,1,0,0,0,0,1,0,0.25,1.1300000000000001,-0.12,1],"mesh":39},{"matrix":[1,0,0,0,0,1,0,0,0,0,1,0,0.42000000000000004,1.1300000000000001,-0.12,1],"mesh":40},{"matrix":[1,0,0,0,0,1,0,0,0,0,1,0,-0.32,1.27,-0.12,1],"mesh":41},{"matrix":[1,0,0,0,0,1,0,0,0,0,1,0,-0.15,1.27,-0.12,1],"mesh":42},{"matrix":[1,0,0,0,0,1,0,0,0,0,1,0,0.020000000000000018,1.27,-0.12,1],"mesh":43},{"matrix":[1,0,0,0,0,1,0,0,0,0,1,0,0.19,1.27,-0.12,1],"mesh":44},{"matrix":[1,0,0,0,0,1,0,0,0,0,1,0,0.36000000000000004,1.27,-0.12,1],"mesh":45},{"matrix":[1,0,0,0,0,1,0,0,0,0,1,0,-0.26,1.4100000000000001,-0.12,1],"mesh":46},{"matrix":[1,0,0,0,0,1,0,0,0,0,1,0,-0.09,1.4100000000000001,-0.12,1],"mesh":47},{"matrix":[1,0,0,0,0,1,0,0,0,0,1,0,0.08000000000000002,1.4100000000000001,-0.12,1],"mesh":48},{"matrix":[1,0,0,0,0,1,0,0,0,0,1,0,0.25,1.4100000000000001,-0.12,1],"mesh":49},{"matrix":[1,0,0,0,0,1,0,0,0,0,1,0,0.42000000000000004,1.4100000000000001,-0.12,1],"mesh":50},{"matrix":[1,0,0,0,0,1,0,0,0,0,1,0,-0.32,1.55,-0.12,1],"mesh":51},{"matrix":[1,0,0,0,0,1,0,0,0,0,1,0,-0.15,1.55,-0.12,1],"mesh":52},{"matrix":[1,0,0,0,0,1,0,0,0,0,1,0,0.020000000000000018,1.55,-0.12,1],"mesh":53},{"matrix":[1,0,0,0,0,1,0,0,0,0,1,0,0.19,1.55,-0.12,1],"mesh":54},{"matrix":[1,0,0,0,0,1,0,0,0,0,1,0,0.36000000000000004,1.55,-0.12,1],"mesh":55},{"matrix":[1,0,0,0,0,1,0,0,0,0,1,0,-0.26,1.69,-0.12,1],"mesh":56},{"matrix":[1,0,0,0,0,1,0,0,0,0,1,0,-0.09,1.69,-0.12,1],"mesh":57},{"matrix":[1,0,0,0,0,1,0,0,0,0,1,0,0.08000000000000002,1.69,-0.12,1],"mesh":58},{"matrix":[1,0,0,0,0,1,0,0,0,0,1,0,0.25,1.69,-0.12,1],"mesh":59},{"matrix":[1,0,0,0,0,1,0,0,0,0,1,0,0.42000000000000004,1.69,-0.12,1],"mesh":60},{"matrix":[1,0,0,0,0,1,0,0,0,0,1,0,-0.08,0.02,0.05,1],"mesh":61},{"matrix":[1,0,0,0,0,1,0,0,0,0,1,0,-0.08,0.008,0.05,1],"mesh":62},{"matrix":[1,0,0,0,0,0.9800665778412416,0.19866933079506124,0,0,-0.19866933079506124,0.9800665778412416,0,0.08,0.25,-0.1,1],"mesh":63},{"matrix":[1,0,0,0,0,1,0,0,0,0,1,0,-0.08,0.29,0.04,1],"mesh":64},{"matrix":[1,0,0,0,0,0.8,0,0,0,0,0.9,0,-0.08,0.42,0.04,1],"mesh":65},{"matrix":[1,0,0,0,0,1,0,0,0,0,1,0,-0.08,0.56,0.02,1],"mesh":66},{"matrix":[1,0,0,0,0,0.8775825618903728,-0.479425538604203,0,0,0.479425538604203,0.8775825618903728,0,0.08,0.52,-0.02,1],"mesh":67},{"matrix":[1,0,0,0,0,1,0,0,0,0,1,0,0.08,0.44,-0.08,1],"mesh":68},{"matrix":[1,0,0,0,0,0.8253356149096783,0.5646424733950353,0,0,-0.5646424733950353,0.8253356149096783,0,0.08,0.34,-0.1,1],"mesh":69},{"matrix":[1.1,0,0,0,0,0.7,0,0,0,0,0.9,0,0,0.68,-0.01,1],"mesh":70},{"matrix":[1,0,0,0,0,0.9950041652780258,-0.09983341664682815,0,0,0.09983341664682815,0.9950041652780258,0,0,0.8,-0.02,1],"mesh":71},{"matrix":[1,0,0,0,0,1.1,0,0,0,0,0.85,0,0,0.95,-0.03,1],"mesh":72},{"matrix":[1,0,0,0,0,1,0,0,0,0,1,0,0,0.62,0.1,1],"mesh":73},{"matrix":[1,0,0,0,0,1,0,0,0,0,1,0,0,0.52,0.115,1],"mesh":74},{"matrix":[0.9950041652780258,0.09983341664682815,0,0,-0.09983341664682815,0.9950041652780258,0,0,0,0,1,0,0.03,0.56,0.12,1],"mesh":75},{"matrix":[0.8775825618903728,0.479425538604203,0,0,-0.479425538604203,0.8775825618903728,0,0,0,0,1,0,-0.15,0.65,0.05,1],"mesh":76},{"matrix":[0.8775825618903728,-0.479425538604203,0,0,0.479425538604203,0.8775825618903728,0,0,0,0,1,0,0.15,0.65,0.05,1],"mesh":77},{"matrix":[1,0,0,0,0,0.9689124217106447,0.24740395925452294,0,0,-0.24740395925452294,0.9689124217106447,0,0,0.95,0.08,1],"mesh":78},{"matrix":[1,0,0,0,0,2.220446049250313e-16,1,0,0,-1,2.220446049250313e-16,0,0,1.02,0,1],"mesh":79},{"matrix":[1,0,0,0,0,1,0,0,0,0,1,0,-0.17,1,-0.02,1],"mesh":80},{"matrix":[1,0,0,0,0,1,0,0,0,0,1,0,0.17,1,-0.02,1],"mesh":81},{"matrix":[0.9210609940028851,0.37202555194225956,0.11508098899676866,0,-0.3894183423086504,0.8799231762812572,0.2721921352954314,0,-6.938893903907228e-18,-0.2955202066613395,0.955336489125606,0,-0.2,0.95,0.04,1],"mesh":82},{"matrix":[1,0,0,0,0,1,0,0,0,0,1,0,-0.22,0.88,0.1,1],"mesh":83},{"matrix":[0.9800665778412416,0.1384142557064306,-0.1425166545207693,0,-0.19866933079506124,0.6828189603889089,-0.7030567291014661,0,0,0.717356090899523,0.6967067093471653,0,-0.16,0.95,0.14,1],"mesh":84},{"matrix":[1,0,0,0,0,0.955336489125606,-0.29552020666133955,0,0,0.29552020666133955,0.955336489125606,0,-0.1,1.02,0.16,1],"mesh":85},{"matrix":[1,0,0,0,0,0.6967067093471654,0.7173560908995228,0,0,-0.7173560908995228,0.6967067093471654,0,-0.12,1.01,0.18,1],"mesh":86},{"matrix":[1,0,0,0,0,0.6967067093471654,0.7173560908995228,0,0,-0.7173560908995228,0.6967067093471654,0,-0.105,1.01,0.18,1],"mesh":87},{"matrix":[1,0,0,0,0,0.6967067093471654,0.7173560908995228,0,0,-0.7173560908995228,0.6967067093471654,0,-0.09,1.01,0.18,1],"mesh":88},{"matrix":[1,0,0,0,0,0.6967067093471654,0.7173560908995228,0,0,-0.7173560908995228,0.6967067093471654,0,-0.075,1.01,0.18,1],"mesh":89},{"matrix":[0.8253356149096783,-0.5533872166040866,-0.11217714232785983,0,0.5646424733950354,0.8088838516750253,0.16396887429543616,0,0,-0.19866933079506122,0.9800665778412416,0,-0.06,1.02,0.14,1],"mesh":90},{"matrix":[0.955336489125606,0.2593433800522307,-0.1416799342470381,0,-0.2955202066613395,0.8383866435942036,-0.4580127108472919,0,0,0.4794255386042029,0.8775825618903728,0,-0.08,1.05,0.17,1],"mesh":91},{"matrix":[0.955336489125606,0.2593433800522307,-0.1416799342470381,0,-0.2955202066613395,0.8383866435942036,-0.4580127108472919,0,0,0.4794255386042029,0.8775825618903728,0,-0.06,1.08,0.18,1],"mesh":92},{"matrix":[1,0,0,0,0,1,0,0,0,0,1,0,-0.1,1.02,0.16,1],"mesh":93},{"matrix":[1.3,0,0,0,0,0.8,0,0,0,0,0.7,0,-0.04,1.12,0.2,1],"mesh":94},{"matrix":[1.3,0,0,0,0,0.8,0,0,0,0,0.7,0,-0.02,1.16,0.19,1],"mesh":95},{"matrix":[1.3,0,0,0,0,0.8,0,0,0,0,0.7,0,-0.05,1.2,0.17,1],"mesh":96},{"matrix":[1.3,0,0,0,0,0.8,0,0,0,0,0.7,0,0,1.24,0.16,1],"mesh":97},{"matrix":[1.3,0,0,0,0,0.8,0,0,0,0,0.7,0,-0.03,1.28,0.14,1],"mesh":98},{"matrix":[1.3,0,0,0,0,0.8,0,0,0,0,0.7,0,0.02,1.32,0.13,1],"mesh":99},{"matrix":[1.3,0,0,0,0,0.8,0,0,0,0,0.7,0,-0.02,1.36,0.11,1],"mesh":100},{"matrix":[0.9903820370951782,-0.13757134118002418,-0.014749463893117465,0,0.13835975064737938,0.9847385853637977,0.10557697616668936,0,0,-0.10660227287274913,0.9943017426407157,0,0.00219346622214997,1.15,0.18,1],"mesh":101},{"matrix":[0.9777729973696038,0.20736310956644885,0.030992037780593597,0,-0.20966631969598934,0.9670320415728014,0.14453049836169116,0,1.734723475976807e-18,-0.1478160050957695,0.9890148778645989,0,0.007336229579586569,1.19,0.16999999999999998,1],"mesh":102},{"matrix":[0.9994518819923695,0.032095741658116156,0.008111655153309597,0,-0.03310491779042424,0.9689844151621441,0.24489440089754363,0,0,-0.2450287055434384,0.969515824244095,0,-0.019225938225479952,1.23,0.16,1],"mesh":103},{"matrix":[0.9759604007424427,0.2175343545194739,0.013420163428457248,0,-0.21794792080368797,0.9741084706346134,0.0600948521526092,0,8.673617379884035e-19,-0.06157509270549628,0.9981024536380569,0,-0.01847624771373801,1.27,0.15,1],"mesh":104},{"matrix":[0.9999939988382907,0.0034526340344522414,0.00028566698948432294,0,-0.003464431757841248,0.9965886344340826,0.08245660330989672,0,0,-0.0824570981482768,0.9965946151595269,0,0.006220242878120837,1.3099999999999998,0.13999999999999999,1],"mesh":105},{"matrix":[0.9800665778412416,-0.18979606097868745,-0.05871080169382653,0,0.19866933079506122,0.9362933635841992,0.2896294776255156,0,0,-0.2955202066613396,0.955336489125606,0,0.2,0.88,0.05,1],"mesh":106},{"matrix":[1,0,0,0,0,1,0,0,0,0,1,0,0.22,0.78,0.1,1],"mesh":107},{"matrix":[0.9887710779360422,-0.14645931909238655,-0.029688773773793666,0,0.14943813247359924,0.9690614866211725,0.19643848836306485,0,0,-0.19866933079506124,0.9800665778412416,0,0.2,0.68,0.14,1],"mesh":108},{"matrix":[1,0,0,0,0,0.8253356149096783,-0.5646424733950353,0,0,0.5646424733950353,0.8253356149096783,0,0.19,0.58,0.17,1],"mesh":109},{"matrix":[1,0,0,0,0,0.8253356149096783,0.5646424733950353,0,0,-0.5646424733950353,0.8253356149096783,0,0.17,0.56,0.2,1],"mesh":110},{"matrix":[1,0,0,0,0,0.8253356149096783,0.5646424733950353,0,0,-0.5646424733950353,0.8253356149096783,0,0.18200000000000002,0.56,0.2,1],"mesh":111},{"matrix":[1,0,0,0,0,0.8253356149096783,0.5646424733950353,0,0,-0.5646424733950353,0.8253356149096783,0,0.194,0.56,0.2,1],"mesh":112},{"matrix":[1,0,0,0,0,0.8253356149096783,0.5646424733950353,0,0,-0.5646424733950353,0.8253356149096783,0,0.20600000000000002,0.56,0.2,1],"mesh":113},{"matrix":[1,0,0,0,0,0.7648421872844884,-0.644217687237691,0,0,0.644217687237691,0.7648421872844884,0,0.19,0.54,0.2,1],"mesh":114},{"matrix":[1,0,0,0,0,0.7648421872844884,-0.644217687237691,0,0,0.644217687237691,0.7648421872844884,0,0.19,0.54,0.205,1],"mesh":115},{"matrix":[1,0,0,0,0,0.7648421872844884,-0.644217687237691,0,0,0.644217687237691,0.7648421872844884,0,0.175,0.57,0.21,1],"mesh":116},{"matrix":[1,0,0,0,0,0.7648421872844884,-0.644217687237691,0,0,0.644217687237691,0.7648421872844884,0,0.19,0.57,0.21,1],"mesh":117},{"matrix":[1,0,0,0,0,0.7648421872844884,-0.644217687237691,0,0,0.644217687237691,0.7648421872844884,0,0.205,0.57,0.21,1],"mesh":118},{"matrix":[1,0,0,0,0,0.7648421872844884,-0.644217687237691,0,0,0.644217687237691,0.7648421872844884,0,0.175,0.5449999999999999,0.21,1],"mesh":119},{"matrix":[1,0,0,0,0,0.7648421872844884,-0.644217687237691,0,0,0.644217687237691,0.7648421872844884,0,0.19,0.5449999999999999,0.21,1],"mesh":120},{"matrix":[1,0,0,0,0,0.7648421872844884,-0.644217687237691,0,0,0.644217687237691,0.7648421872844884,0,0.205,0.5449999999999999,0.21,1],"mesh":121},{"matrix":[1,0,0,0,0,0.7648421872844884,-0.644217687237691,0,0,0.644217687237691,0.7648421872844884,0,0.175,0.5199999999999999,0.21,1],"mesh":122},{"matrix":[1,0,0,0,0,0.7648421872844884,-0.644217687237691,0,0,0.644217687237691,0.7648421872844884,0,0.19,0.5199999999999999,0.21,1],"mesh":123},{"matrix":[1,0,0,0,0,0.7648421872844884,-0.644217687237691,0,0,0.644217687237691,0.7648421872844884,0,0.205,0.5199999999999999,0.21,1],"mesh":124},{"matrix":[1,0,0,0,0,0.7648421872844884,-0.644217687237691,0,0,0.644217687237691,0.7648421872844884,0,0.175,0.58,0.195,1],"mesh":125},{"matrix":[1,0,0,0,0,0.9950041652780258,0.09983341664682815,0,0,-0.09983341664682815,0.9950041652780258,0,0,1.08,-0.01,1],"mesh":126},{"matrix":[1,0,0,0,0,1,0,0,0,0,1,0,0,1.06,0.04,1],"mesh":127},{"matrix":[1,0,0,0,0,1,0,0,0,0,1,0,0,1.2,0,1],"mesh":128},{"matrix":[0.9,0,0,0,0,0.955336489125606,0.29552020666133955,0,0,-0.1773121239968037,0.5732018934753635,0,0,1.17,0.04,1],"mesh":129},{"matrix":[1,0,0,0,0,0.9800665778412416,0.19866933079506124,0,0,-0.19866933079506124,0.9800665778412416,0,0,1.2,0.07,1],"mesh":130},{"matrix":[1,0,0,0,0,1,0,0,0,0,1,0,-0.025,1.17,0.085,1],"mesh":131},{"matrix":[1,0,0,0,0,1,0,0,0,0,1,0,0.025,1.17,0.085,1],"mesh":132},{"matrix":[1,0,0,0,0,1,0,0,0,0,1,0,-0.025,1.165,0.095,1],"mesh":133},{"matrix":[1,0,0,0,0,1,0,0,0,0,1,0,0.025,1.165,0.095,1],"mesh":134},{"matrix":[1,0,0,0,0,0.9800665778412416,0.19866933079506124,0,0,-0.19866933079506124,0.9800665778412416,0,0,1.14,0.08,1],"mesh":135},{"matrix":[1,0,0,0,0,1,0,0,0,0,1,0,0,1.12,0.095,1],"mesh":136},{"matrix":[1,0,0,0,0,1,0,0,0,0,1,0,0,1.09,0.09,1],"mesh":137},{"matrix":[1,0,0,0,0,0.8,0,0,0,0,0.7,0,0,1.06,0.08,1],"mesh":138},{"matrix":[1,0,0,0,0,1,0,0,0,0,1,0,0.003168144047545049,1.0736910565238968,0.08369880997802422,1],"mesh":139},{"matrix":[1,0,0,0,0,1,0,0,0,0,1,0,-0.01158466924947301,1.0631577464063298,0.07501484564072913,1],"mesh":140},{"matrix":[1,0,0,0,0,1,0,0,0,0,1,0,0.0006116988840925187,1.0998679689217514,0.09025535038879079,1],"mesh":141},{"matrix":[1,0,0,0,0,1,0,0,0,0,1,0,-0.026964881824201346,1.084871814212444,0.07798153560552076,1],"mesh":142},{"matrix":[1,0,0,0,0,1,0,0,0,0,1,0,-0.004327128652742717,1.0918373012009936,0.07856858178523102,1],"mesh":143},{"matrix":[1,0,0,0,0,1,0,0,0,0,1,0,-0.02298416746312282,1.0997550309368638,0.08800314953482699,1],"mesh":144},{"matrix":[1,0,0,0,0,1,0,0,0,0,1,0,0.0036787818168150174,1.081769345408143,0.084280971113729,1],"mesh":145},{"matrix":[1,0,0,0,0,1,0,0,0,0,1,0,0.028085549506667293,1.0750191903328015,0.07745041557539695,1],"mesh":146},{"matrix":[1,0,0,0,0,1,0,0,0,0,1,0,0.008174368714229684,1.0789215156897976,0.08974266299554766,1],"mesh":147},{"matrix":[1,0,0,0,0,1,0,0,0,0,1,0,0.006912122172613416,1.082830185600276,0.08673522321648766,1],"mesh":148},{"matrix":[1,0,0,0,0,1,0,0,0,0,1,0,0.0034768708461769965,1.0676273971523422,0.0809517045917053,1],"mesh":149},{"matrix":[1,0,0,0,0,1,0,0,0,0,1,0,-0.004839397846339671,1.0789690966505727,0.0793018574545078,1],"mesh":150},{"matrix":[1,0,0,0,0,1,0,0,0,0,1,0,0.0029204006562079457,1.083392844627812,0.09293872627769331,1],"mesh":151},{"matrix":[1,0,0,0,0,1,0,0,0,0,1,0,-0.01629519935553929,1.0617042274258897,0.07957639614392541,1],"mesh":152},{"matrix":[1,0,0,0,0,1,0,0,0,0,1,0,-0.014771476090221012,1.0928889935505848,0.09457594490555517,1],"mesh":153},{"matrix":[0.4,0,0,0,0,1,0,0,0,0,0.7,0,-0.095,1.17,0,1],"mesh":154},{"matrix":[0.4,0,0,0,0,1,0,0,0,0,0.7,0,0.095,1.17,0,1],"mesh":155},{"matrix":[1,0,0,0,0,0.9,0,0,0,0,1,0,0,1.22,-0.02,1],"mesh":156},{"matrix":[1,0,0,0,0,1,0,0,0,0,1,0,0,1.3,-0.04,1],"mesh":157},{"matrix":[1,0,0,0,0,0.955336489125606,0.29552020666133955,0,0,-0.29552020666133955,0.955336489125606,0,0,1.28,-0.04,1],"mesh":158},{"matrix":[0.7701511529340699,0.3336768711823166,0.543623902410759,0,-0.42073549240394814,0.9063116223799978,0.039760389466696675,0,-0.47942553860420284,-0.2593433800522307,0.8383866435942036,0,-0.03835404308833624,1.22,0.05265495371342236,1],"mesh":159},{"matrix":[0.877338209396753,0.46413232903432705,0.12189687230470816,0,-0.4792920482285388,0.8350434809417329,0.27015091604805946,0,0.023596585290909432,-0.2954379225520733,0.9550704869697964,0,0.0018877268232727535,1.22,0.05998329370904362,1],"mesh":160},{"matrix":[0.7494432011626089,0.5929480401351346,-0.29452930233008046,0,-0.4094226867916339,0.7646711372363633,0.4976455720871697,0,0.5202960232131905,-0.25237011229055933,0.8158439646470332,0,0.04162368185705525,1.22,0.051239158595967796,1],"mesh":161},{"matrix":[0.4207354924039485,0.6856079387228371,-0.5940735642930336,0,-0.22984884706593006,0.7140508039292284,0.6612873482159516,0,0.8775825618903724,-0.14167993424703806,0.4580127108472922,0,0.07020660495122981,1.22,0.028765532316252184,1],"mesh":162},{"matrix":[-0.020707951771460342,0.71728387980011,-0.6964732704938014,0,0.01131280561231407,0.696746158450569,0.7172285626727037,0,0.9997215618173935,0.006973267761671287,-0.02254267894716966,0,0.0799777249453915,1.22,-0.0014157951174545548,1],"mesh":163},{"matrix":[-0.45660271699280464,0.679488320535802,-0.5742905023507037,0,0.24944320116260887,0.717393966581699,0.650479812220123,0,0.8539859765994631,0.15375798830503523,-0.49705777612250435,0,0.06831887812795706,1.22,-0.03121776139279144,1],"mesh":164},{"matrix":[1,0,0,0,0,1,0,0,0,0,1,0,-0.085,1.12,-0.003776165085033995,1],"mesh":165},{"matrix":[1,0,0,0,0,1,0,0,0,0,1,0,-0.085,1.1320000000000001,0.014166577338810018,1],"mesh":166},{"matrix":[1,0,0,0,0,1,0,0,0,0,1,0,-0.085,1.1440000000000001,0.009180930114686264,1],"mesh":167},{"matrix":[1,0,0,0,0,1,0,0,0,0,1,0,-0.085,1.1560000000000001,-0.013203722232471833,1],"mesh":168},{"matrix":[1,0,0,0,0,1,0,0,0,0,1,0,-0.085,1.1680000000000001,0.014415008301477909,1],"mesh":169},{"matrix":[1,0,0,0,0,1,0,0,0,0,1,0,-0.085,1.1800000000000002,-0.006863933562594942,1],"mesh":170},{"matrix":[1,0,0,0,0,1,0,0,0,0,1,0,-0.085,1.1920000000000002,-0.010000578128630226,1],"mesh":171},{"matrix":[1,0,0,0,0,1,0,0,0,0,1,0,-0.085,1.2040000000000002,-0.016929494531146005,1],"mesh":172},{"matrix":[1,0,0,0,0,1,0,0,0,0,1,0,0.085,1.12,-0.019850153756858283,1],"mesh":173},{"matrix":[1,0,0,0,0,1,0,0,0,0,1,0,0.085,1.1320000000000001,-0.010304990483691424,1],"mesh":174},{"matrix":[1,0,0,0,0,1,0,0,0,0,1,0,0.085,1.1440000000000001,-0.019389312321558383,1],"mesh":175},{"matrix":[1,0,0,0,0,1,0,0,0,0,1,0,0.085,1.1560000000000001,-0.012761233986164014,1],"mesh":176},{"matrix":[1,0,0,0,0,1,0,0,0,0,1,0,0.085,1.1680000000000001,0.018694833436355144,1],"mesh":177},{"matrix":[1,0,0,0,0,1,0,0,0,0,1,0,0.085,1.1800000000000002,-0.007858467337132233,1],"mesh":178},{"matrix":[1,0,0,0,0,1,0,0,0,0,1,0,0.085,1.1920000000000002,-0.0022233897848710042,1],"mesh":179},{"matrix":[1,0,0,0,0,1,0,0,0,0,1,0,0.085,1.2040000000000002,0.01853694341287292,1],"mesh":180},{"children":[0,1,2,3,4,5,6,7,8,9,10,11,12,13,14,15,16,17,18,19,20,21,22,23,24,25,26,27,28,29,30,31,32,33,34,35,36,37,38,39,40,41,42,43,44,45,46,47,48,49,50,51,52,53,54,55,56,57,58,59,60,61,62,63,64,65,66,67,68,69,70,71,72,73,74,75,76,77,78,79,80,81,82,83,84,85,86,87,88,89,90,91,92,93,94,95,96,97,98,99,100,101,102,103,104,105,106,107,108,109,110,111,112,113,114,115,116,117,118,119,120,121,122,123,124,125,126,127,128,129,130,131,132,133,134,135,136,137,138,139,140,141,142,143,144,145,146,147,148,149,150,151,152,153,154,155,156,157,158,159,160,161,162,163,164,165,166,167,168,169,170,171,172,173,174,175,176,177,178,179,180]}],"bufferViews":[{"buffer":0,"byteOffset":0,"byteLength":288,"target":34962,"byteStride":12},{"buffer":0,"byteOffset":288,"byteLength":288,"target":34962,"byteStride":12},{"buffer":0,"byteOffset":576,"byteLength":192,"target":34962,"byteStride":8},{"buffer":0,"byteOffset":768,"byteLength":72,"target":34963},{"buffer":0,"byteOffset":840,"byteLength":288,"target":34962,"byteStride":12},{"buffer":0,"byteOffset":1128,"byteLength":288,"target":34962,"byteStride":12},{"buffer":0,"byteOffset":1416,"byteLength":192,"target":34962,"byteStride":8},{"buffer":0,"byteOffset":1608,"byteLength":72,"target":34963},{"buffer":0,"byteOffset":1680,"byteLength":288,"target":34962,"byteStride":12},{"buffer":0,"byteOffset":1968,"byteLength":288,"target":34962,"byteStride":12},{"buffer":0,"byteOffset":2256,"byteLength":192,"target":34962,"byteStride":8},{"buffer":0,"byteOffset":2448,"byteLength":72,"target":34963},{"buffer":0,"byteOffset":2520,"byteLength":288,"target":34962,"byteStride":12},{"buffer":0,"byteOffset":2808,"byteLength":288,"target":34962,"byteStride":12},{"buffer":0,"byteOffset":3096,"byteLength":192,"target":34962,"byteStride":8},{"buffer":0,"byteOffset":3288,"byteLength":72,"target":34963},{"buffer":0,"byteOffset":3360,"byteLength":288,"target":34962,"byteStride":12},{"buffer":0,"byteOffset":3648,"byteLength":288,"target":34962,"byteStride":12},{"buffer":0,"byteOffset":3936,"byteLength":192,"target":34962,"byteStride":8},{"buffer":0,"byteOffset":4128,"byteLength":72,"target":34963},{"buffer":0,"byteOffset":4200,"byteLength":288,"target":34962,"byteStride":12},{"buffer":0,"byteOffset":4488,"byteLength":288,"target":34962,"byteStride":12},{"buffer":0,"byteOffset":4776,"byteLength":192,"target":34962,"byteStride":8},{"buffer":0,"byteOffset":4968,"byteLength":72,"target":34963},{"buffer":0,"byteOffset":5040,"byteLength":288,"target":34962,"byteStride":12},{"buffer":0,"byteOffset":5328,"byteLength":288,"target":34962,"byteStride":12},{"buffer":0,"byteOffset":5616,"byteLength":192,"target":34962,"byteStride":8},{"buffer":0,"byteOffset":5808,"byteLength":72,"target":34963},{"buffer":0,"byteOffset":5880,"byteLength":288,"target":34962,"byteStride":12},{"buffer":0,"byteOffset":6168,"byteLength":288,"target":34962,"byteStride":12},{"buffer":0,"byteOffset":6456,"byteLength":192,"target":34962,"byteStride":8},{"buffer":0,"byteOffset":6648,"byteLength":72,"target":34963},{"buffer":0,"byteOffset":6720,"byteLength":288,"target":34962,"byteStride":12},{"buffer":0,"byteOffset":7008,"byteLength":288,"target":34962,"byteStride":12},{"buffer":0,"byteOffset":7296,"byteLength":192,"target":34962,"byteStride":8},{"buffer":0,"byteOffset":7488,"byteLength":72,"target":34963},{"buffer":0,"byteOffset":7560,"byteLength":288,"target":34962,"byteStride":12},{"buffer":0,"byteOffset":7848,"byteLength":288,"target":34962,"byteStride":12},{"buffer":0,"byteOffset":8136,"byteLength":192,"target":34962,"byteStride":8},{"buffer":0,"byteOffset":8328,"byteLength":72,"target":34963},{"buffer":0,"byteOffset":8400,"byteLength":288,"target":34962,"byteStride":12},{"buffer":0,"byteOffset":8688,"byteLength":288,"target":34962,"byteStride":12},{"buffer":0,"byteOffset":8976,"byteLength":192,"target":34962,"byteStride":8},{"buffer":0,"byteOffset":9168,"byteLength":72,"target":34963},{"buffer":0,"byteOffset":9240,"byteLength":288,"target":34962,"byteStride":12},{"buffer":0,"byteOffset":9528,"byteLength":288,"target":34962,"byteStride":12},{"buffer":0,"byteOffset":9816,"byteLength":192,"target":34962,"byteStride":8},{"buffer":0,"byteOffset":10008,"byteLength":72,"target":34963},{"buffer":0,"byteOffset":10080,"byteLength":288,"target":34962,"byteStride":12},{"buffer":0,"byteOffset":10368,"byteLength":288,"target":34962,"byteStride":12},{"buffer":0,"byteOffset":10656,"byteLength":192,"target":34962,"byteStride":8},{"buffer":0,"byteOffset":10848,"byteLength":72,"target":34963},{"buffer":0,"byteOffset":10920,"byteLength":288,"target":34962,"byteStride":12},{"buffer":0,"byteOffset":11208,"byteLength":288,"target":34962,"byteStride":12},{"buffer":0,"byteOffset":11496,"byteLength":192,"target":34962,"byteStride":8},{"buffer":0,"byteOffset":11688,"byteLength":72,"target":34963},{"buffer":0,"byteOffset":11760,"byteLength":288,"target":34962,"byteStride":12},{"buffer":0,"byteOffset":12048,"byteLength":288,"target":34962,"byteStride":12},{"buffer":0,"byteOffset":12336,"byteLength":192,"target":34962,"byteStride":8},{"buffer":0,"byteOffset":12528,"byteLength":72,"target":34963},{"buffer":0,"byteOffset":12600,"byteLength":288,"target":34962,"byteStride":12},{"buffer":0,"byteOffset":12888,"byteLength":288,"target":34962,"byteStride":12},{"buffer":0,"byteOffset":13176,"byteLength":192,"target":34962,"byteStride":8},{"buffer":0,"byteOffset":13368,"byteLength":72,"target":34963},{"buffer":0,"byteOffset":13440,"byteLength":288,"target":34962,"byteStride":12},{"buffer":0,"byteOffset":13728,"byteLength":288,"target":34962,"byteStride":12},{"buffer":0,"byteOffset":14016,"byteLength":192,"target":34962,"byteStride":8},{"buffer":0,"byteOffset":14208,"byteLength":72,"target":34963},{"buffer":0,"byteOffset":14280,"byteLength":288,"target":34962,"byteStride":12},{"buffer":0,"byteOffset":14568,"byteLength":288,"target":34962,"byteStride":12},{"buffer":0,"byteOffset":14856,"byteLength":192,"target":34962,"byteStride":8},{"buffer":0,"byteOffset":15048,"byteLength":72,"target":34963},{"buffer":0,"byteOffset":15120,"byteLength":288,"target":34962,"byteStride":12},{"buffer":0,"byteOffset":15408,"byteLength":288,"target":34962,"byteStride":12},{"buffer":0,"byteOffset":15696,"byteLength":192,"target":34962,"byteStride":8},{"buffer":0,"byteOffset":15888,"byteLength":72,"target":34963},{"buffer":0,"byteOffset":15960,"byteLength":288,"target":34962,"byteStride":12},{"buffer":0,"byteOffset":16248,"byteLength":288,"target":34962,"byteStride":12},{"buffer":0,"byteOffset":16536,"byteLength":192,"target":34962,"byteStride":8},{"buffer":0,"byteOffset":16728,"byteLength":72,"target":34963},{"buffer":0,"byteOffset":16800,"byteLength":288,"target":34962,"byteStride":12},{"buffer":0,"byteOffset":17088,"byteLength":288,"target":34962,"byteStride":12},{"buffer":0,"byteOffset":17376,"byteLength":192,"target":34962,"byteStride":8},{"buffer":0,"byteOffset":17568,"byteLength":72,"target":34963},{"buffer":0,"byteOffset":17640,"byteLength":288,"target":34962,"byteStride":12},{"buffer":0,"byteOffset":17928,"byteLength":288,"target":34962,"byteStride":12},{"buffer":0,"byteOffset":18216,"byteLength":192,"target":34962,"byteStride":8},{"buffer":0,"byteOffset":18408,"byteLength":72,"target":34963},{"buffer":0,"byteOffset":18480,"byteLength":288,"target":34962,"byteStride":12},{"buffer":0,"byteOffset":18768,"byteLength":288,"target":34962,"byteStride":12},{"buffer":0,"byteOffset":19056,"byteLength":192,"target":34962,"byteStride":8},{"buffer":0,"byteOffset":19248,"byteLength":72,"target":34963},{"buffer":0,"byteOffset":19320,"byteLength":288,"target":34962,"byteStride":12},{"buffer":0,"byteOffset":19608,"byteLength":288,"target":34962,"byteStride":12},{"buffer":0,"byteOffset":19896,"byteLength":192,"target":34962,"byteStride":8},{"buffer":0,"byteOffset":20088,"byteLength":72,"target":34963},{"buffer":0,"byteOffset":20160,"byteLength":288,"target":34962,"byteStride":12},{"buffer":0,"byteOffset":20448,"byteLength":288,"target":34962,"byteStride":12},{"buffer":0,"byteOffset":20736,"byteLength":192,"target":34962,"byteStride":8},{"buffer":0,"byteOffset":20928,"byteLength":72,"target":34963},{"buffer":0,"byteOffset":21000,"byteLength":288,"target":34962,"byteStride":12},{"buffer":0,"byteOffset":21288,"byteLength":288,"target":34962,"byteStride":12},{"buffer":0,"byteOffset":21576,"byteLength":192,"target":34962,"byteStride":8},{"buffer":0,"byteOffset":21768,"byteLength":72,"target":34963},{"buffer":0,"byteOffset":21840,"byteLength":288,"target":34962,"byteStride":12},{"buffer":0,"byteOffset":22128,"byteLength":288,"target":34962,"byteStride":12},{"buffer":0,"byteOffset":22416,"byteLength":192,"target":34962,"byteStride":8},{"buffer":0,"byteOffset":22608,"byteLength":72,"target":34963},{"buffer":0,"byteOffset":22680,"byteLength":288,"target":34962,"byteStride":12},{"buffer":0,"byteOffset":22968,"byteLength":288,"target":34962,"byteStride":12},{"buffer":0,"byteOffset":23256,"byteLength":192,"target":34962,"byteStride":8},{"buffer":0,"byteOffset":23448,"byteLength":72,"target":34963},{"buffer":0,"byteOffset":23520,"byteLength":288,"target":34962,"byteStride":12},{"buffer":0,"byteOffset":23808,"byteLength":288,"target":34962,"byteStride":12},{"buffer":0,"byteOffset":24096,"byteLength":192,"target":34962,"byteStride":8},{"buffer":0,"byteOffset":24288,"byteLength":72,"target":34963},{"buffer":0,"byteOffset":24360,"byteLength":288,"target":34962,"byteStride":12},{"buffer":0,"byteOffset":24648,"byteLength":288,"target":34962,"byteStride":12},{"buffer":0,"byteOffset":24936,"byteLength":192,"target":34962,"byteStride":8},{"buffer":0,"byteOffset":25128,"byteLength":72,"target":34963},{"buffer":0,"byteOffset":25200,"byteLength":288,"target":34962,"byteStride":12},{"buffer":0,"byteOffset":25488,"byteLength":288,"target":34962,"byteStride":12},{"buffer":0,"byteOffset":25776,"byteLength":192,"target":34962,"byteStride":8},{"buffer":0,"byteOffset":25968,"byteLength":72,"target":34963},{"buffer":0,"byteOffset":26040,"byteLength":288,"target":34962,"byteStride":12},{"buffer":0,"byteOffset":26328,"byteLength":288,"target":34962,"byteStride":12},{"buffer":0,"byteOffset":26616,"byteLength":192,"target":34962,"byteStride":8},{"buffer":0,"byteOffset":26808,"byteLength":72,"target":34963},{"buffer":0,"byteOffset":26880,"byteLength":288,"target":34962,"byteStride":12},{"buffer":0,"byteOffset":27168,"byteLength":288,"target":34962,"byteStride":12},{"buffer":0,"byteOffset":27456,"byteLength":192,"target":34962,"byteStride":8},{"buffer":0,"byteOffset":27648,"byteLength":72,"target":34963},{"buffer":0,"byteOffset":27720,"byteLength":288,"target":34962,"byteStride":12},{"buffer":0,"byteOffset":28008,"byteLength":288,"target":34962,"byteStride":12},{"buffer":0,"byteOffset":28296,"byteLength":192,"target":34962,"byteStride":8},{"buffer":0,"byteOffset":28488,"byteLength":72,"target":34963},{"buffer":0,"byteOffset":28560,"byteLength":288,"target":34962,"byteStride":12},{"buffer":0,"byteOffset":28848,"byteLength":288,"target":34962,"byteStride":12},{"buffer":0,"byteOffset":29136,"byteLength":192,"target":34962,"byteStride":8},{"buffer":0,"byteOffset":29328,"byteLength":72,"target":34963},{"buffer":0,"byteOffset":29400,"byteLength":288,"target":34962,"byteStride":12},{"buffer":0,"byteOffset":29688,"byteLength":288,"target":34962,"byteStride":12},{"buffer":0,"byteOffset":29976,"byteLength":192,"target":34962,"byteStride":8},{"buffer":0,"byteOffset":30168,"byteLength":72,"target":34963},{"buffer":0,"byteOffset":30240,"byteLength":288,"target":34962,"byteStride":12},{"buffer":0,"byteOffset":30528,"byteLength":288,"target":34962,"byteStride":12},{"buffer":0,"byteOffset":30816,"byteLength":192,"target":34962,"byteStride":8},{"buffer":0,"byteOffset":31008,"byteLength":72,"target":34963},{"buffer":0,"byteOffset":31080,"byteLength":288,"target":34962,"byteStride":12},{"buffer":0,"byteOffset":31368,"byteLength":288,"target":34962,"byteStride":12},{"buffer":0,"byteOffset":31656,"byteLength":192,"target":34962,"byteStride":8},{"buffer":0,"byteOffset":31848,"byteLength":72,"target":34963},{"buffer":0,"byteOffset":31920,"byteLength":288,"target":34962,"byteStride":12},{"buffer":0,"byteOffset":32208,"byteLength":288,"target":34962,"byteStride":12},{"buffer":0,"byteOffset":32496,"byteLength":192,"target":34962,"byteStride":8},{"buffer":0,"byteOffset":32688,"byteLength":72,"target":34963},{"buffer":0,"byteOffset":32760,"byteLength":288,"target":34962,"byteStride":12},{"buffer":0,"byteOffset":33048,"byteLength":288,"target":34962,"byteStride":12},{"buffer":0,"byteOffset":33336,"byteLength":192,"target":34962,"byteStride":8},{"buffer":0,"byteOffset":33528,"byteLength":72,"target":34963},{"buffer":0,"byteOffset":33600,"byteLength":288,"target":34962,"byteStride":12},{"buffer":0,"byteOffset":33888,"byteLength":288,"target":34962,"byteStride":12},{"buffer":0,"byteOffset":34176,"byteLength":192,"target":34962,"byteStride":8},{"buffer":0,"byteOffset":34368,"byteLength":72,"target":34963},{"buffer":0,"byteOffset":34440,"byteLength":288,"target":34962,"byteStride":12},{"buffer":0,"byteOffset":34728,"byteLength":288,"target":34962,"byteStride":12},{"buffer":0,"byteOffset":35016,"byteLength":192,"target":34962,"byteStride":8},{"buffer":0,"byteOffset":35208,"byteLength":72,"target":34963},{"buffer":0,"byteOffset":35280,"byteLength":288,"target":34962,"byteStride":12},{"buffer":0,"byteOffset":35568,"byteLength":288,"target":34962,"byteStride":12},{"buffer":0,"byteOffset":35856,"byteLength":192,"target":34962,"byteStride":8},{"buffer":0,"byteOffset":36048,"byteLength":72,"target":34963},{"buffer":0,"byteOffset":36120,"byteLength":288,"target":34962,"byteStride":12},{"buffer":0,"byteOffset":36408,"byteLength":288,"target":34962,"byteStride":12},{"buffer":0,"byteOffset":36696,"byteLength":192,"target":34962,"byteStride":8},{"buffer":0,"byteOffset":36888,"byteLength":72,"target":34963},{"buffer":0,"byteOffset":36960,"byteLength":288,"target":34962,"byteStride":12},{"buffer":0,"byteOffset":37248,"byteLength":288,"target":34962,"byteStride":12},{"buffer":0,"byteOffset":37536,"byteLength":192,"target":34962,"byteStride":8},{"buffer":0,"byteOffset":37728,"byteLength":72,"target":34963},{"buffer":0,"byteOffset":37800,"byteLength":288,"target":34962,"byteStride":12},{"buffer":0,"byteOffset":38088,"byteLength":288,"target":34962,"byteStride":12},{"buffer":0,"byteOffset":38376,"byteLength":192,"target":34962,"byteStride":8},{"buffer":0,"byteOffset":38568,"byteLength":72,"target":34963},{"buffer":0,"byteOffset":38640,"byteLength":288,"target":34962,"byteStride":12},{"buffer":0,"byteOffset":38928,"byteLength":288,"target":34962,"byteStride":12},{"buffer":0,"byteOffset":39216,"byteLength":192,"target":34962,"byteStride":8},{"buffer":0,"byteOffset":39408,"byteLength":72,"target":34963},{"buffer":0,"byteOffset":39480,"byteLength":288,"target":34962,"byteStride":12},{"buffer":0,"byteOffset":39768,"byteLength":288,"target":34962,"byteStride":12},{"buffer":0,"byteOffset":40056,"byteLength":192,"target":34962,"byteStride":8},{"buffer":0,"byteOffset":40248,"byteLength":72,"target":34963},{"buffer":0,"byteOffset":40320,"byteLength":288,"target":34962,"byteStride":12},{"buffer":0,"byteOffset":40608,"byteLength":288,"target":34962,"byteStride":12},{"buffer":0,"byteOffset":40896,"byteLength":192,"target":34962,"byteStride":8},{"buffer":0,"byteOffset":41088,"byteLength":72,"target":34963},{"buffer":0,"byteOffset":41160,"byteLength":288,"target":34962,"byteStride":12},{"buffer":0,"byteOffset":41448,"byteLength":288,"target":34962,"byteStride":12},{"buffer":0,"byteOffset":41736,"byteLength":192,"target":34962,"byteStride":8},{"buffer":0,"byteOffset":41928,"byteLength":72,"target":34963},{"buffer":0,"byteOffset":42000,"byteLength":288,"target":34962,"byteStride":12},{"buffer":0,"byteOffset":42288,"byteLength":288,"target":34962,"byteStride":12},{"buffer":0,"byteOffset":42576,"byteLength":192,"target":34962,"byteStride":8},{"buffer":0,"byteOffset":42768,"byteLength":72,"target":34963},{"buffer":0,"byteOffset":42840,"byteLength":288,"target":34962,"byteStride":12},{"buffer":0,"byteOffset":43128,"byteLength":288,"target":34962,"byteStride":12},{"buffer":0,"byteOffset":43416,"byteLength":192,"target":34962,"byteStride":8},{"buffer":0,"byteOffset":43608,"byteLength":72,"target":34963},{"buffer":0,"byteOffset":43680,"byteLength":288,"target":34962,"byteStride":12},{"buffer":0,"byteOffset":43968,"byteLength":288,"target":34962,"byteStride":12},{"buffer":0,"byteOffset":44256,"byteLength":192,"target":34962,"byteStride":8},{"buffer":0,"byteOffset":44448,"byteLength":72,"target":34963},{"buffer":0,"byteOffset":44520,"byteLength":288,"target":34962,"byteStride":12},{"buffer":0,"byteOffset":44808,"byteLength":288,"target":34962,"byteStride":12},{"buffer":0,"byteOffset":45096,"byteLength":192,"target":34962,"byteStride":8},{"buffer":0,"byteOffset":45288,"byteLength":72,"target":34963},{"buffer":0,"byteOffset":45360,"byteLength":288,"target":34962,"byteStride":12},{"buffer":0,"byteOffset":45648,"byteLength":288,"target":34962,"byteStride":12},{"buffer":0,"byteOffset":45936,"byteLength":192,"target":34962,"byteStride":8},{"buffer":0,"byteOffset":46128,"byteLength":72,"target":34963},{"buffer":0,"byteOffset":46200,"byteLength":288,"target":34962,"byteStride":12},{"buffer":0,"byteOffset":46488,"byteLength":288,"target":34962,"byteStride":12},{"buffer":0,"byteOffset":46776,"byteLength":192,"target":34962,"byteStride":8},{"buffer":0,"byteOffset":46968,"byteLength":72,"target":34963},{"buffer":0,"byteOffset":47040,"byteLength":288,"target":34962,"byteStride":12},{"buffer":0,"byteOffset":47328,"byteLength":288,"target":34962,"byteStride":12},{"buffer":0,"byteOffset":47616,"byteLength":192,"target":34962,"byteStride":8},{"buffer":0,"byteOffset":47808,"byteLength":72,"target":34963},{"buffer":0,"byteOffset":47880,"byteLength":288,"target":34962,"byteStride":12},{"buffer":0,"byteOffset":48168,"byteLength":288,"target":34962,"byteStride":12},{"buffer":0,"byteOffset":48456,"byteLength":192,"target":34962,"byteStride":8},{"buffer":0,"byteOffset":48648,"byteLength":72,"target":34963},{"buffer":0,"byteOffset":48720,"byteLength":288,"target":34962,"byteStride":12},{"buffer":0,"byteOffset":49008,"byteLength":288,"target":34962,"byteStride":12},{"buffer":0,"byteOffset":49296,"byteLength":192,"target":34962,"byteStride":8},{"buffer":0,"byteOffset":49488,"byteLength":72,"target":34963},{"buffer":0,"byteOffset":49560,"byteLength":288,"target":34962,"byteStride":12},{"buffer":0,"byteOffset":49848,"byteLength":288,"target":34962,"byteStride":12},{"buffer":0,"byteOffset":50136,"byteLength":192,"target":34962,"byteStride":8},{"buffer":0,"byteOffset":50328,"byteLength":72,"target":34963},{"buffer":0,"byteOffset":50400,"byteLength":288,"target":34962,"byteStride":12},{"buffer":0,"byteOffset":50688,"byteLength":288,"target":34962,"byteStride":12},{"buffer":0,"byteOffset":50976,"byteLength":192,"target":34962,"byteStride":8},{"buffer":0,"byteOffset":51168,"byteLength":72,"target":34963},{"buffer":0,"byteOffset":51240,"byteLength":288,"target":34962,"byteStride":12},{"buffer":0,"byteOffset":51528,"byteLength":288,"target":34962,"byteStride":12},{"buffer":0,"byteOffset":51816,"byteLength":192,"target":34962,"byteStride":8},{"buffer":0,"byteOffset":52008,"byteLength":72,"target":34963},{"buffer":0,"byteOffset":52080,"byteLength":288,"target":34962,"byteStride":12},{"buffer":0,"byteOffset":52368,"byteLength":288,"target":34962,"byteStride":12},{"buffer":0,"byteOffset":52656,"byteLength":192,"target":34962,"byteStride":8},{"buffer":0,"byteOffset":52848,"byteLength":72,"target":34963},{"buffer":0,"byteOffset":52920,"byteLength":288,"target":34962,"byteStride":12},{"buffer":0,"byteOffset":53208,"byteLength":288,"target":34962,"byteStride":12},{"buffer":0,"byteOffset":53496,"byteLength":192,"target":34962,"byteStride":8},{"buffer":0,"byteOffset":53688,"byteLength":72,"target":34963},{"buffer":0,"byteOffset":53760,"byteLength":912,"target":34962,"byteStride":12},{"buffer":0,"byteOffset":54672,"byteLength":912,"target":34962,"byteStride":12},{"buffer":0,"byteOffset":55584,"byteLength":608,"target":34962,"byteStride":8},{"buffer":0,"byteOffset":56192,"byteLength":288,"target":34963},{"buffer":0,"byteOffset":56480,"byteLength":1452,"target":34962,"byteStride":12},{"buffer":0,"byteOffset":57932,"byteLength":1452,"target":34962,"byteStride":12},{"buffer":0,"byteOffset":59384,"byteLength":968,"target